0.000000000000000000e+00 -7.071067811865471286e-01 -7.071067811865471286e-01 -7.071067811865469066e-01 -7.071067811865472397e-01
5.000000000000000278e-02 -7.065616274843122824e-01 -7.204420684599981417e-01 -7.204420684599982527e-01 -7.065616274843123934e-01
1.000000000000000056e-01 -7.049270069651049075e-01 -7.326664862825666980e-01 -7.326664862825669200e-01 -7.049270069651051296e-01
1.500000000000000222e-01 -7.022054400952861819e-01 -7.437611854880138429e-01 -7.437611854880141760e-01 -7.022054400952862929e-01
2.000000000000000111e-01 -6.984011233337059643e-01 -7.537090588543244873e-01 -7.537090588543251535e-01 -6.984011233337065194e-01
2.500000000000000000e-01 -6.935199226610685441e-01 -7.624947674818041143e-01 -7.624947674818046695e-01 -6.935199226610688772e-01
2.999999999999999889e-01 -6.875693645350143823e-01 -7.701047644445500051e-01 -7.701047644445505602e-01 -6.875693645350150485e-01
3.499999999999999778e-01 -6.805586242848689071e-01 -7.765273156788290443e-01 -7.765273156788298214e-01 -6.805586242848697953e-01
3.999999999999999667e-01 -6.724985119639493858e-01 -7.817525180761539794e-01 -7.817525180761548675e-01 -6.724985119639503850e-01
4.500000000000000111e-01 -6.634014556812458663e-01 -7.857723147531583407e-01 -7.857723147531592289e-01 -6.634014556812469765e-01
5.000000000000000000e-01 -6.532814824381784069e-01 -7.885805074747267440e-01 -7.885805074747275212e-01 -6.532814824381800722e-01
5.500000000000000444e-01 -6.421541964999780694e-01 -7.901727662112245643e-01 -7.901727662112254524e-01 -6.421541964999799568e-01
6.000000000000000888e-01 -6.300367553350394445e-01 -7.905466358150894379e-01 -7.905466358150901041e-01 -6.300367553350414429e-01
6.500000000000000222e-01 -6.169478431593489187e-01 -7.897015398064902714e-01 -7.897015398064912706e-01 -6.169478431593512502e-01
7.000000000000000666e-01 -6.029076421267787200e-01 -7.876387812622190898e-01 -7.876387812622198670e-01 -6.029076421267810515e-01
7.500000000000000000e-01 -5.879378012096664330e-01 -7.843615408064390504e-01 -7.843615408064398276e-01 -5.879378012096688755e-01
8.000000000000000444e-01 -5.720614028176708166e-01 -7.798748717063942459e-01 -7.798748717063951341e-01 -5.720614028176738142e-01
8.500000000000000888e-01 -5.553029272063683131e-01 -7.741856920806367004e-01 -7.741856920806373665e-01 -5.553029272063711996e-01
9.000000000000000222e-01 -5.376882147304724580e-01 -7.673027742317888311e-01 -7.673027742317894973e-01 -5.376882147304756776e-01
9.500000000000000666e-01 -5.192444259998816314e-01 -7.592367311202901092e-01 -7.592367311202907754e-01 -5.192444259998849621e-01
1.000000000000000000e+00 -4.999999999999858447e-01 -7.499999999999800160e-01 -7.499999999999804601e-01 -4.999999999999891753e-01
1.050000000000000044e+00 -5.192444259998806322e-01 -7.494217771805216088e-01 -7.494217771805222750e-01 -5.192444259998836298e-01
1.100000000000000089e+00 -5.376882147304704596e-01 -7.476880002998249619e-01 -7.476880002998258501e-01 -5.376882147304733461e-01
1.150000000000000133e+00 -5.553029272063649824e-01 -7.448013427161732647e-01 -7.448013427161743749e-01 -5.553029272063677579e-01
1.199999999999999956e+00 -5.720614028176664867e-01 -7.407662554463313453e-01 -7.407662554463327886e-01 -5.720614028176690402e-01
1.250000000000000000e+00 -5.879378012096605488e-01 -7.355889603024003964e-01 -7.355889603024022838e-01 -5.879378012096632133e-01
1.300000000000000044e+00 -6.029076421267712815e-01 -7.292774402982343807e-01 -7.292774402982366011e-01 -6.029076421267738350e-01
1.350000000000000089e+00 -6.169478431593400369e-01 -7.218414273402119496e-01 -7.218414273402145032e-01 -6.169478431593425904e-01
1.400000000000000133e+00 -6.300367553350287864e-01 -7.132923872213408067e-01 -7.132923872213438043e-01 -6.300367553350312289e-01
1.449999999999999956e+00 -6.421541964999659680e-01 -7.036435019418383341e-01 -7.036435019418414427e-01 -6.421541964999681884e-01
1.500000000000000000e+00 -6.532814824381648622e-01 -6.929096493834396853e-01 -6.929096493834432380e-01 -6.532814824381668606e-01
1.550000000000000044e+00 -6.634014556812304342e-01 -6.811073803687852646e-01 -6.811073803687890393e-01 -6.634014556812322105e-01
1.600000000000000089e+00 -6.724985119639323994e-01 -6.682548931412496396e-01 -6.682548931412539694e-01 -6.724985119639341757e-01
1.650000000000000133e+00 -6.805586242848502554e-01 -6.543720053045711804e-01 -6.543720053045758434e-01 -6.805586242848520317e-01
1.699999999999999956e+00 -6.875693645349939542e-01 -6.394801232655421552e-01 -6.394801232655472623e-01 -6.875693645349957306e-01
1.750000000000000000e+00 -6.935199226610464507e-01 -6.236022092268813655e-01 -6.236022092268870276e-01 -6.935199226610480050e-01
1.800000000000000044e+00 -6.984011233336822055e-01 -6.067627457811827218e-01 -6.067627457811886060e-01 -6.984011233336836488e-01
1.850000000000000089e+00 -7.022054400952606468e-01 -5.889876981605304263e-01 -5.889876981605369766e-01 -7.022054400952622011e-01
1.900000000000000133e+00 -7.049270069650779291e-01 -5.703044741999947487e-01 -5.703044742000016321e-01 -7.049270069650792614e-01
1.949999999999999956e+00 -7.065616274842837496e-01 -5.507418820767356893e-01 -5.507418820767430168e-01 -7.065616274842850819e-01
2.000000000000000000e+00 -7.071067811865170416e-01 -5.303300858898820636e-01 -5.303300858898897241e-01 -7.071067811865183739e-01
2.049999999999999822e+00 -7.204420684599674995e-01 -5.403315513449694629e-01 -5.403315513449770124e-01 -7.204420684599690539e-01
2.099999999999999645e+00 -7.326664862825351676e-01 -5.494998647118949364e-01 -5.494998647119020418e-01 -7.326664862825373881e-01
2.149999999999999911e+00 -7.437611854879815354e-01 -5.578208891159794902e-01 -5.578208891159862626e-01 -7.437611854879841999e-01
2.199999999999999734e+00 -7.537090588542917358e-01 -5.652817941407117797e-01 -5.652817941407183300e-01 -7.537090588542947334e-01
2.250000000000000000e+00 -7.624947674817710297e-01 -5.718710756113208893e-01 -5.718710756113272176e-01 -7.624947674817743604e-01
2.299999999999999822e+00 -7.701047644445164764e-01 -5.775785733333798078e-01 -5.775785733333856919e-01 -7.701047644445202511e-01
2.349999999999999645e+00 -7.765273156787952935e-01 -5.823954867590886986e-01 -5.823954867590943607e-01 -7.765273156787995124e-01
2.399999999999999911e+00 -7.817525180761196735e-01 -5.863143885570816227e-01 -5.863143885570870628e-01 -7.817525180761243364e-01
2.449999999999999734e+00 -7.857723147531238128e-01 -5.893292360648343386e-01 -5.893292360648395567e-01 -7.857723147531288088e-01
2.500000000000000000e+00 -7.885805074746918830e-01 -5.914353806060101970e-01 -5.914353806060150820e-01 -7.885805074746973231e-01
2.549999999999999822e+00 -7.901727662111897033e-01 -5.926295746583830626e-01 -5.926295746583877255e-01 -7.901727662111952544e-01
2.599999999999999645e+00 -7.905466358150543549e-01 -5.929099768612812182e-01 -5.929099768612856591e-01 -7.905466358150601280e-01
2.649999999999999911e+00 -7.897015398064552993e-01 -5.922761548548316490e-01 -5.922761548548358679e-01 -7.897015398064612945e-01
2.699999999999999734e+00 -7.876387812621843398e-01 -5.907290859466282074e-01 -5.907290859466320931e-01 -7.876387812621904461e-01
2.750000000000000000e+00 -7.843615408064046335e-01 -5.882711556047931500e-01 -5.882711556047968138e-01 -7.843615408064109618e-01
2.799999999999999822e+00 -7.798748717063599400e-01 -5.849061537797592969e-01 -5.849061537797627386e-01 -7.798748717063661573e-01
2.849999999999999645e+00 -7.741856920806025055e-01 -5.806392690604409434e-01 -5.806392690604439411e-01 -7.741856920806086118e-01
2.899999999999999911e+00 -7.673027742317549693e-01 -5.754770806738052080e-01 -5.754770806738078726e-01 -7.673027742317612976e-01
2.949999999999999734e+00 -7.592367311202568025e-01 -5.694275483401812776e-01 -5.694275483401838311e-01 -7.592367311202630198e-01
3.000000000000000000e+00 -7.499999999999472644e-01 -5.624999999999488187e-01 -5.624999999999509281e-01 -7.499999999999531486e-01
3.049999999999999822e+00 -7.592367311202550262e-01 -5.767887637950046553e-01 -5.767887637950070978e-01 -7.592367311202607993e-01
3.099999999999999645e+00 -7.673027742317516386e-01 -5.901881611227723923e-01 -5.901881611227751678e-01 -7.673027742317573008e-01
3.149999999999999911e+00 -7.741856920805971765e-01 -6.026775310837799715e-01 -6.026775310837829691e-01 -7.741856920806027276e-01
3.199999999999999734e+00 -7.798748717063527236e-01 -6.142376159747950926e-01 -6.142376159747983122e-01 -7.798748717063581637e-01
3.250000000000000000e+00 -7.843615408063951966e-01 -6.248505909828074856e-01 -6.248505909828109273e-01 -7.843615408064005257e-01
3.299999999999999822e+00 -7.876387812621727935e-01 -6.345000916695985316e-01 -6.345000916696024174e-01 -7.876387812621781226e-01
3.349999999999999645e+00 -7.897015398064417546e-01 -6.431712392045194626e-01 -6.431712392045234594e-01 -7.897015398064469727e-01
3.399999999999999911e+00 -7.905466358150385897e-01 -6.508506633065681557e-01 -6.508506633065724856e-01 -7.905466358150439188e-01
3.449999999999999734e+00 -7.901727662111722728e-01 -6.575265228603954792e-01 -6.575265228604001422e-01 -7.901727662111773798e-01
3.500000000000000000e+00 -7.885805074746723431e-01 -6.631885241744449599e-01 -6.631885241744498449e-01 -7.885805074746774501e-01
3.549999999999999822e+00 -7.857723147531017194e-01 -6.678279368530803950e-01 -6.678279368530857241e-01 -7.857723147531068264e-01
3.599999999999999645e+00 -7.817525180760955816e-01 -6.714376072582231014e-01 -6.714376072582286525e-01 -7.817525180761006887e-01
3.649999999999999911e+00 -7.765273156787688702e-01 -6.740119695397418509e-01 -6.740119695397479571e-01 -7.765273156787737552e-01
3.699999999999999734e+00 -7.701047644444881657e-01 -6.755470542175928683e-01 -6.755470542175991966e-01 -7.701047644444931617e-01
3.750000000000000000e+00 -7.624947674817408316e-01 -6.760404943024673763e-01 -6.760404943024742597e-01 -7.624947674817456056e-01
3.799999999999999822e+00 -7.537090588542596503e-01 -6.754915289455197813e-01 -6.754915289455271088e-01 -7.537090588542642022e-01
3.849999999999999645e+00 -7.437611854879475626e-01 -6.739010046115411212e-01 -6.739010046115487818e-01 -7.437611854879520035e-01
3.899999999999999911e+00 -7.326664862824991964e-01 -6.712713737737703301e-01 -6.712713737737786568e-01 -7.326664862825035263e-01
3.949999999999999734e+00 -7.204420684599293079e-01 -6.676066911323603748e-01 -6.676066911323690345e-01 -7.204420684599335267e-01
4.000000000000000000e+00 -7.071067811864768515e-01 -6.629126073623223814e-01 -6.629126073623314852e-01 -7.071067811864809594e-01
4.049999999999999822e+00 -7.204420684599269764e-01 -6.693417462543199692e-01 -6.693417462543286289e-01 -7.204420684599305291e-01
4.099999999999999645e+00 -7.326664862824945335e-01 -6.747388086884511527e-01 -6.747388086884591463e-01 -7.326664862824976421e-01
4.149999999999999467e+00 -7.437611854879407902e-01 -6.790954727856289841e-01 -6.790954727856364226e-01 -7.437611854879434548e-01
4.200000000000000178e+00 -7.537090588542506575e-01 -6.824050208855931832e-01 -6.824050208856001776e-01 -7.537090588542529890e-01
4.250000000000000000e+00 -7.624947674817295074e-01 -6.846623499050541461e-01 -6.846623499050606965e-01 -7.624947674817312837e-01
4.299999999999999822e+00 -7.701047644444748430e-01 -6.858639792062787288e-01 -6.858639792062846130e-01 -7.701047644444761753e-01
4.349999999999999645e+00 -7.765273156787534381e-01 -6.860080559639801789e-01 -6.860080559639852860e-01 -7.765273156787544373e-01
4.399999999999999467e+00 -7.817525180760782622e-01 -6.850943580222410567e-01 -6.850943580222454976e-01 -7.817525180760787062e-01
4.450000000000000178e+00 -7.857723147530825125e-01 -6.831242942370612248e-01 -6.831242942370651106e-01 -7.857723147530825125e-01
4.500000000000000000e+00 -7.885805074746509158e-01 -6.801009023040045509e-01 -6.801009023040075485e-01 -7.885805074746504717e-01
4.549999999999999822e+00 -7.901727662111486250e-01 -6.760288440742914240e-01 -6.760288440742937555e-01 -7.901727662111476258e-01
4.599999999999999645e+00 -7.905466358150133876e-01 -6.709143983665639688e-01 -6.709143983665656341e-01 -7.905466358150118333e-01
4.649999999999999467e+00 -7.897015398064147762e-01 -6.647654512854010989e-01 -6.647654512854020981e-01 -7.897015398064126668e-01
4.700000000000000178e+00 -7.876387812621438167e-01 -6.575914840615171286e-01 -6.575914840615173507e-01 -7.876387812621412632e-01
4.750000000000000000e+00 -7.843615408063644434e-01 -6.494035584323918364e-01 -6.494035584323913923e-01 -7.843615408063613348e-01
4.799999999999999822e+00 -7.798748717063201941e-01 -6.402142995858728369e-01 -6.402142995858713936e-01 -7.798748717063166414e-01
4.849999999999999645e+00 -7.741856920805632036e-01 -6.300378766930504471e-01 -6.300378766930482266e-01 -7.741856920805592068e-01
4.899999999999999467e+00 -7.673027742317162225e-01 -6.188899810604233664e-01 -6.188899810604205909e-01 -7.673027742317115596e-01
4.950000000000000178e+00 -7.592367311202183888e-01 -6.067878019350421148e-01 -6.067878019350382290e-01 -7.592367311202131708e-01
5.000000000000000000e+00 -7.499999999999091838e-01 -5.937499999999342748e-01 -5.937499999999297229e-01 -7.499999999999036326e-01
5.000000000000000000e+00 -7.499999999999091838e-01 -5.937499999999340528e-01 -5.937499999999296119e-01 -7.499999999999035216e-01
