0.000000000000000000e+00 -7.071067811865477948e-01 -7.071067811865480168e-01 -7.071067811865479058e-01 -7.071067811865479058e-01 -7.071067811865479058e-01 -7.071067811865477948e-01 -7.071067811865479058e-01 -7.071067811865480168e-01
5.000000000000000278e-02 -7.065616274843145028e-01 -7.204420684600008062e-01 -7.204420684600003622e-01 -7.204420684600005842e-01 -7.204420684600003622e-01 -7.204420684600004732e-01 -7.204420684600008062e-01 -7.065616274843147249e-01
1.000000000000000056e-01 -7.049270069651086823e-01 -7.326664862825711388e-01 -7.326664862825702507e-01 -7.326664862825703617e-01 -7.326664862825703617e-01 -7.326664862825705837e-01 -7.326664862825710278e-01 -7.049270069651085713e-01
1.500000000000000222e-01 -7.022054400952913999e-01 -7.437611854880199491e-01 -7.437611854880188389e-01 -7.437611854880192830e-01 -7.437611854880190609e-01 -7.437611854880192830e-01 -7.437611854880198381e-01 -7.022054400952910669e-01
2.000000000000000111e-01 -6.984011233337127367e-01 -7.537090588543324809e-01 -7.537090588543311487e-01 -7.537090588543314817e-01 -7.537090588543312597e-01 -7.537090588543314817e-01 -7.537090588543323699e-01 -6.984011233337124036e-01
2.500000000000000000e-01 -6.935199226610767598e-01 -7.624947674818139953e-01 -7.624947674818123300e-01 -7.624947674818127741e-01 -7.624947674818124410e-01 -7.624947674818127741e-01 -7.624947674818138843e-01 -6.935199226610763157e-01
2.999999999999999889e-01 -6.875693645350241523e-01 -7.701047644445617735e-01 -7.701047644445598861e-01 -7.701047644445602192e-01 -7.701047644445601081e-01 -7.701047644445603302e-01 -7.701047644445617735e-01 -6.875693645350235972e-01
3.499999999999999778e-01 -6.805586242848800094e-01 -7.765273156788428111e-01 -7.765273156788407016e-01 -7.765273156788412567e-01 -7.765273156788408127e-01 -7.765273156788413678e-01 -7.765273156788429221e-01 -6.805586242848794543e-01
3.999999999999999667e-01 -6.724985119639619313e-01 -7.817525180761698556e-01 -7.817525180761673020e-01 -7.817525180761679682e-01 -7.817525180761677461e-01 -7.817525180761680792e-01 -7.817525180761701886e-01 -6.724985119639615982e-01
4.500000000000000111e-01 -6.634014556812599661e-01 -7.857723147531759933e-01 -7.857723147531736618e-01 -7.857723147531741059e-01 -7.857723147531738839e-01 -7.857723147531743280e-01 -7.857723147531764374e-01 -6.634014556812597441e-01
5.000000000000000000e-01 -6.532814824381941721e-01 -7.885805074747466170e-01 -7.885805074747440635e-01 -7.885805074747442855e-01 -7.885805074747442855e-01 -7.885805074747448407e-01 -7.885805074747470611e-01 -6.532814824381932839e-01
5.500000000000000444e-01 -6.421541964999949448e-01 -7.901727662112463246e-01 -7.901727662112436601e-01 -7.901727662112438821e-01 -7.901727662112438821e-01 -7.901727662112442152e-01 -7.901727662112469908e-01 -6.421541964999943897e-01
6.000000000000000888e-01 -6.300367553350574301e-01 -7.905466358151126416e-01 -7.905466358151100881e-01 -7.905466358151101991e-01 -7.905466358151103101e-01 -7.905466358151107542e-01 -7.905466358151136408e-01 -6.300367553350567640e-01
6.500000000000000222e-01 -6.169478431593683476e-01 -7.897015398065154734e-01 -7.897015398065130309e-01 -7.897015398065130309e-01 -7.897015398065132530e-01 -7.897015398065135861e-01 -7.897015398065166947e-01 -6.169478431593674594e-01
7.000000000000000666e-01 -6.029076421267990371e-01 -7.876387812622460682e-01 -7.876387812622434037e-01 -7.876387812622432927e-01 -7.876387812622436257e-01 -7.876387812622439588e-01 -7.876387812622471785e-01 -6.029076421267981489e-01
7.500000000000000000e-01 -5.879378012096875272e-01 -7.843615408064678052e-01 -7.843615408064651406e-01 -7.843615408064649186e-01 -7.843615408064653627e-01 -7.843615408064654737e-01 -7.843615408064689154e-01 -5.879378012096865280e-01
8.000000000000000444e-01 -5.720614028176929100e-01 -7.798748717064246661e-01 -7.798748717064221125e-01 -7.798748717064216684e-01 -7.798748717064221125e-01 -7.798748717064225566e-01 -7.798748717064258873e-01 -5.720614028176919108e-01
8.500000000000000888e-01 -5.553029272063906285e-01 -7.741856920806684528e-01 -7.741856920806657882e-01 -7.741856920806651221e-01 -7.741856920806657882e-01 -7.741856920806661213e-01 -7.741856920806700071e-01 -5.553029272063897404e-01
9.000000000000000222e-01 -5.376882147304952175e-01 -7.673027742318221378e-01 -7.673027742318192512e-01 -7.673027742318185851e-01 -7.673027742318193622e-01 -7.673027742318196953e-01 -7.673027742318236921e-01 -5.376882147304943294e-01
9.500000000000000666e-01 -5.192444259999043910e-01 -7.592367311203245261e-01 -7.592367311203220837e-01 -7.592367311203209734e-01 -7.592367311203218616e-01 -7.592367311203224167e-01 -7.592367311203265245e-01 -5.192444259999033918e-01
1.000000000000000000e+00 -5.000000000000084377e-01 -7.500000000000155431e-01 -7.500000000000131006e-01 -7.500000000000118794e-01 -7.500000000000128786e-01 -7.500000000000133227e-01 -7.500000000000177636e-01 -5.000000000000077716e-01
1.050000000000000044e+00 -5.192444259999049461e-01 -7.494217771805585793e-01 -7.567829926353815129e-01 -7.567829926353805137e-01 -7.567829926353812908e-01 -7.567829926353819570e-01 -7.494217771805606887e-01 -5.192444259999041689e-01
1.100000000000000089e+00 -5.376882147304962167e-01 -7.476880002998631536e-01 -7.623990807488316701e-01 -7.623990807488307819e-01 -7.623990807488313370e-01 -7.623990807488323362e-01 -7.476880002998651520e-01 -5.376882147304954396e-01
1.150000000000000133e+00 -5.553029272063922939e-01 -7.448013427162127886e-01 -7.668396047395549253e-01 -7.668396047395542592e-01 -7.668396047395547033e-01 -7.668396047395558135e-01 -7.448013427162147870e-01 -5.553029272063918498e-01
1.199999999999999956e+00 -5.720614028176950194e-01 -7.407662554463718685e-01 -7.700977176414126602e-01 -7.700977176414123271e-01 -7.700977176414126602e-01 -7.700977176414138814e-01 -7.407662554463737559e-01 -5.720614028176946864e-01
1.250000000000000000e+00 -5.879378012096906359e-01 -7.355889603024421408e-01 -7.721683956804639148e-01 -7.721683956804636928e-01 -7.721683956804639148e-01 -7.721683956804653581e-01 -7.355889603024441392e-01 -5.879378012096905248e-01
1.300000000000000044e+00 -6.029076421268028119e-01 -7.292774402982775683e-01 -7.730484460212574405e-01 -7.730484460212574405e-01 -7.730484460212574405e-01 -7.730484460212592168e-01 -7.292774402982791226e-01 -6.029076421268025898e-01
1.350000000000000089e+00 -6.169478431593732326e-01 -7.218414273402562475e-01 -7.727365116899556075e-01 -7.727365116899556075e-01 -7.727365116899556075e-01 -7.727365116899573838e-01 -7.218414273402579129e-01 -6.169478431593730106e-01
1.400000000000000133e+00 -6.300367553350635363e-01 -7.132923872213865479e-01 -7.712330736666870301e-01 -7.712330736666872522e-01 -7.712330736666872522e-01 -7.712330736666892506e-01 -7.132923872213879912e-01 -6.300367553350632033e-01
1.449999999999999956e+00 -6.421541965000020502e-01 -7.036435019418854075e-01 -7.685404501439130343e-01 -7.685404501439135894e-01 -7.685404501439132563e-01 -7.685404501439154767e-01 -7.036435019418865178e-01 -6.421541965000018282e-01
1.500000000000000000e+00 -6.532814824382023877e-01 -6.929096493834879800e-01 -7.646627929519402844e-01 -7.646627929519409506e-01 -7.646627929519407285e-01 -7.646627929519429490e-01 -6.929096493834889792e-01 -6.532814824382019436e-01
1.550000000000000044e+00 -6.634014556812692920e-01 -6.811073803688345585e-01 -7.596060811571001548e-01 -7.596060811571010429e-01 -7.596060811571010429e-01 -7.596060811571033744e-01 -6.811073803688356687e-01 -6.634014556812690699e-01
1.600000000000000089e+00 -6.724985119639725895e-01 -6.682548931413001547e-01 -7.533781118424631718e-01 -7.533781118424641710e-01 -7.533781118424639489e-01 -7.533781118424663914e-01 -6.682548931413009319e-01 -6.724985119639721454e-01
1.650000000000000133e+00 -6.805586242848916667e-01 -6.543720053046228058e-01 -7.459884880852997169e-01 -7.459884880853009381e-01 -7.459884880853007161e-01 -7.459884880853032696e-01 -6.543720053046233609e-01 -6.805586242848913336e-01
1.699999999999999956e+00 -6.875693645350366978e-01 -6.394801232655946688e-01 -7.374486041498329314e-01 -7.374486041498341526e-01 -7.374486041498340416e-01 -7.374486041498368172e-01 -6.394801232655951129e-01 -6.875693645350364758e-01
1.750000000000000000e+00 -6.935199226610901935e-01 -6.236022092269347672e-01 -7.277716279181081216e-01 -7.277716279181094539e-01 -7.277716279181095649e-01 -7.277716279181123404e-01 -6.236022092269349892e-01 -6.935199226610897494e-01
1.800000000000000044e+00 -6.984011233337270586e-01 -6.067627457812367897e-01 -7.169724805860735461e-01 -7.169724805860749894e-01 -7.169724805860751005e-01 -7.169724805860778760e-01 -6.067627457812369007e-01 -6.984011233337266145e-01
1.850000000000000089e+00 -7.022054400953067210e-01 -5.889876981605853823e-01 -7.050678136561772114e-01 -7.050678136561787657e-01 -7.050678136561789877e-01 -7.050678136561819853e-01 -5.889876981605852713e-01 -7.022054400953061659e-01
1.900000000000000133e+00 -7.049270069651247805e-01 -5.703044742000503708e-01 -6.920759832619577390e-01 -6.920759832619594043e-01 -6.920759832619596263e-01 -6.920759832619627350e-01 -5.703044742000498157e-01 -7.049270069651240034e-01
1.949999999999999956e+00 -7.065616274843310451e-01 -5.507418820767915335e-01 -6.780170218642159741e-01 -6.780170218642177504e-01 -6.780170218642180835e-01 -6.780170218642211921e-01 -5.507418820767907564e-01 -7.065616274843304900e-01
2.000000000000000000e+00 -7.071067811865650032e-01 -5.303300858899381298e-01 -6.629126073624138638e-01 -6.629126073624155291e-01 -6.629126073624160842e-01 -6.629126073624191928e-01 -5.303300858899373527e-01 -7.071067811865645591e-01
2.049999999999999822e+00 -7.204420684600183478e-01 -5.420666064669887874e-01 -6.645703446690210958e-01 -6.678235730226991240e-01 -6.678235730226996791e-01 -6.645703446690264249e-01 -5.420666064669881212e-01 -7.204420684600176816e-01
2.099999999999999645e+00 -7.326664862825891245e-01 -5.529672996266387086e-01 -6.652033626731681526e-01 -6.717048031381996909e-01 -6.717048031382004680e-01 -6.652033626731732596e-01 -5.529672996266381535e-01 -7.326664862825882363e-01
2.149999999999999911e+00 -7.437611854880381568e-01 -5.630153572901336334e-01 -6.648106853069747357e-01 -6.745503131333964175e-01 -6.745503131333971947e-01 -6.648106853069795097e-01 -5.630153572901331893e-01 -7.437611854880372686e-01
2.199999999999999734e+00 -7.537090588543510217e-01 -5.721952860808544594e-01 -6.633929180504777312e-01 -6.763557154381234504e-01 -6.763557154381244496e-01 -6.633929180504822831e-01 -5.721952860808540153e-01 -7.537090588543498004e-01
2.250000000000000000e+00 -7.624947674818327581e-01 -5.804929312139802677e-01 -6.609522469980246839e-01 -6.771182262528853135e-01 -6.771182262528863127e-01 -6.609522469980290138e-01 -5.804929312139799347e-01 -7.624947674818312038e-01
2.299999999999999822e+00 -7.701047644445810914e-01 -5.878954983221413855e-01 -6.574924354874756016e-01 -6.768366698412734417e-01 -6.768366698412745519e-01 -6.574924354874794874e-01 -5.878954983221410524e-01 -7.701047644445794260e-01
2.349999999999999645e+00 -7.765273156788627951e-01 -5.943915731834056304e-01 -6.530188182974072664e-01 -6.755114803428670101e-01 -6.755114803428680093e-01 -6.530188182974105970e-01 -5.943915731834051863e-01 -7.765273156788606856e-01
2.399999999999999911e+00 -7.817525180761899506e-01 -5.999711393211812904e-01 -6.475382934212721153e-01 -6.731447011038202977e-01 -6.731447011038214079e-01 -6.475382934212752239e-01 -5.999711393211808463e-01 -7.817525180761877301e-01
2.449999999999999734e+00 -7.857723147531965324e-01 -6.046255934488996564e-01 -6.410593114311932128e-01 -6.697399815261730893e-01 -6.697399815261741995e-01 -6.410593114311962104e-01 -6.046255934488993233e-01 -7.857723147531942010e-01
2.500000000000000000e+00 -7.885805074747671561e-01 -6.083477587356568295e-01 -6.335918624477931971e-01 -6.653025714407344582e-01 -6.653025714407354574e-01 -6.335918624477958616e-01 -6.083477587356564964e-01 -7.885805074747646026e-01
2.549999999999999822e+00 -7.901727662112674189e-01 -6.111318958723689354e-01 -6.251474607361530156e-01 -6.598393130122265360e-01 -6.598393130122276462e-01 -6.251474607361553470e-01 -6.111318958723684913e-01 -7.901727662112644213e-01
2.599999999999999645e+00 -7.905466358151340689e-01 -6.129737119213692909e-01 -6.157391269516495624e-01 -6.533586301891615156e-01 -6.533586301891624037e-01 -6.157391269516515608e-01 -6.129737119213687357e-01 -7.905466358151310713e-01
2.649999999999999911e+00 -7.897015398065371228e-01 -6.138703669358076542e-01 -6.053813680630487637e-01 -6.458705157147228704e-01 -6.458705157147238696e-01 -6.053813680630506511e-01 -6.138703669358074322e-01 -7.897015398065339031e-01
2.699999999999999734e+00 -7.876387812622678286e-01 -6.138204783386429497e-01 -5.940901549838115692e-01 -6.373865157186809904e-01 -6.373865157186817676e-01 -5.940901549838130125e-01 -6.138204783386425056e-01 -7.876387812622644979e-01
2.750000000000000000e+00 -7.843615408064897876e-01 -6.128241230544757556e-01 -5.818828979461029283e-01 -6.279197119140970118e-01 -6.279197119140979000e-01 -5.818828979461041495e-01 -6.128241230544755336e-01 -7.843615408064863459e-01
2.799999999999999822e+00 -7.798748717064467595e-01 -6.108828373909371834e-01 -5.687784196554750427e-01 -6.174847014262704326e-01 -6.174847014262710987e-01 -5.687784196554760419e-01 -6.108828373909367393e-01 -7.798748717064430958e-01
2.849999999999999645e+00 -7.741856920806906572e-01 -6.079996146698128934e-01 -5.547969262676204494e-01 -6.060975742850281955e-01 -6.060975742850287507e-01 -5.547969262676213376e-01 -6.079996146698126713e-01 -7.741856920806871045e-01
2.899999999999999911e+00 -7.673027742318442312e-01 -6.041789006115588778e-01 -5.399599762319444718e-01 -5.937758886150668047e-01 -5.937758886150673598e-01 -5.399599762319452489e-01 -6.041789006115585448e-01 -7.673027742318405675e-01
2.949999999999999734e+00 -7.592367311203469527e-01 -5.994265864803222099e-01 -5.242904470499987202e-01 -5.805386435625961017e-01 -5.805386435625964348e-01 -5.242904470499991643e-01 -5.994265864803220989e-01 -7.592367311203432889e-01
3.000000000000000000e+00 -7.500000000000380806e-01 -5.937500000000383027e-01 -5.078125000000314193e-01 -5.664062500000319744e-01 -5.664062500000321965e-01 -5.078125000000317524e-01 -5.937500000000384137e-01 -7.500000000000345279e-01
3.049999999999999822e+00 -7.592367311203478408e-01 -6.043340634502069042e-01 -5.169292315951742323e-01 -5.704169723122121116e-01 -5.704169723122122226e-01 -5.169292315951747874e-01 -6.043340634502067932e-01 -7.592367311203442881e-01
3.099999999999999645e+00 -7.673027742318462296e-01 -6.139862875775417006e-01 -5.252488957829755112e-01 -5.735481529977336512e-01 -5.735481529977337622e-01 -5.252488957829763994e-01 -6.139862875775420337e-01 -7.673027742318431210e-01
3.149999999999999911e+00 -7.741856920806935438e-01 -6.226917893520459435e-01 -5.327586642442788678e-01 -5.757949640029321747e-01 -5.757949640029323968e-01 -5.327586642442799780e-01 -6.226917893520463876e-01 -7.741856920806905462e-01
3.199999999999999734e+00 -7.798748717064508673e-01 -6.304371455209704100e-01 -5.394469574604356943e-01 -5.771539409080896910e-01 -5.771539409080899130e-01 -5.394469574604371376e-01 -6.304371455209711872e-01 -7.798748717064480918e-01
3.250000000000000000e+00 -7.843615408064953387e-01 -6.372104133064976361e-01 -5.453034625680844849e-01 -5.776229882693191264e-01 -5.776229882693195705e-01 -5.453034625680858172e-01 -6.372104133064986353e-01 -7.843615408064925631e-01
3.299999999999999822e+00 -7.876387812622743789e-01 -6.430011488206380799e-01 -5.503191492608360269e-01 -5.772013828495865528e-01 -5.772013828495867749e-01 -5.503191492608379143e-01 -6.430011488206394121e-01 -7.876387812622718254e-01
3.349999999999999645e+00 -7.897015398065450054e-01 -6.478004231689503678e-01 -5.544862837133553990e-01 -5.758897747338909134e-01 -5.758897747338910245e-01 -5.544862837133576194e-01 -6.478004231689518111e-01 -7.897015398065427849e-01
3.399999999999999911e+00 -7.905466358151431727e-01 -6.516008362182473812e-01 -5.577984405063561857e-01 -5.736901863268788482e-01 -5.736901863268792923e-01 -5.577984405063585172e-01 -6.516008362182488245e-01 -7.905466358151411743e-01
3.449999999999999734e+00 -7.901727662112775219e-01 -6.543965280070664914e-01 -5.602505125341337155e-01 -5.706060092344450441e-01 -5.706060092344453771e-01 -5.602505125341363801e-01 -6.543965280070682677e-01 -7.901727662112758566e-01
3.500000000000000000e+00 -7.885805074747787025e-01 -6.561831877813053548e-01 -5.618387188793509956e-01 -5.666419990341204915e-01 -5.666419990341208246e-01 -5.618387188793538822e-01 -6.561831877813073532e-01 -7.885805074747772592e-01
3.549999999999999822e+00 -7.857723147532093000e-01 -6.569580606410917456e-01 -5.625606106429390518e-01 -5.618042679423167485e-01 -5.618042679423169705e-01 -5.625606106429420494e-01 -6.569580606410937440e-01 -7.857723147532079677e-01
3.599999999999999645e+00 -7.817525180762039394e-01 -6.567199517886397331e-01 -5.624150747201219769e-01 -5.561002753897315021e-01 -5.561002753897317241e-01 -5.624150747201253076e-01 -6.567199517886418425e-01 -7.817525180762029402e-01
3.649999999999999911e+00 -7.765273156788777831e-01 -6.554692283705412237e-01 -5.614023355167444551e-01 -5.495388165194472485e-01 -5.495388165194474706e-01 -5.614023355167477858e-01 -6.554692283705434441e-01 -7.765273156788771169e-01
3.699999999999999734e+00 -7.701047644445975227e-01 -6.532078189116528044e-01 -5.595239546032532152e-01 -5.421300086254580153e-01 -5.421300086254582373e-01 -5.595239546032565459e-01 -6.532078189116550249e-01 -7.701047644445973006e-01
3.750000000000000000e+00 -7.624947674818505217e-01 -6.499392103414499688e-01 -5.567828283068687600e-01 -5.338852755525353988e-01 -5.338852755525353988e-01 -5.567828283068724238e-01 -6.499392103414520783e-01 -7.624947674818502996e-01
3.799999999999999822e+00 -7.537090588543696734e-01 -6.456684426174341684e-01 -5.531831832456596265e-01 -5.248173300814872322e-01 -5.248173300814872322e-01 -5.531831832456632903e-01 -6.456684426174363889e-01 -7.537090588543700065e-01
3.849999999999999645e+00 -7.437611854880576967e-01 -6.404021009538843900e-01 -5.487305698114026686e-01 -5.149401543269722659e-01 -5.149401543269721548e-01 -5.487305698114064434e-01 -6.404021009538867215e-01 -7.437611854880581408e-01
3.899999999999999911e+00 -7.326664862826092195e-01 -6.341483056679340091e-01 -5.434318536112814346e-01 -5.042689781780921310e-01 -5.042689781780920200e-01 -5.434318536112852094e-01 -6.341483056679364516e-01 -7.326664862826099966e-01
3.949999999999999734e+00 -7.204420684600391089e-01 -6.269166996586298390e-01 -5.372952048816183046e-01 -4.928202558150060475e-01 -4.928202558150056034e-01 -5.372952048816220794e-01 -6.269166996586321705e-01 -7.204420684600402192e-01
4.000000000000000000e+00 -7.071067811865863195e-01 -6.187184335382807099e-01 -5.303300858899607784e-01 -4.806116403377777568e-01 -4.806116403377771462e-01 -5.303300858899646641e-01 -6.187184335382831524e-01 -7.071067811865877628e-01
4.049999999999999822e+00 -7.204420684600391089e-01 -6.269166996586309493e-01 -5.369698820462520672e-01 -4.874049861179501342e-01 -4.874049861179494680e-01 -5.369698820462555089e-01 -6.269166996586331697e-01 -7.204420684600411073e-01
4.099999999999999645e+00 -7.326664862826091085e-01 -6.341483056679361185e-01 -5.427817095647812229e-01 -4.934467887373464867e-01 -4.934467887373456541e-01 -5.427817095647842205e-01 -6.341483056679382280e-01 -7.326664862826114399e-01
4.149999999999999467e+00 -7.437611854880576967e-01 -6.404021009538876097e-01 -5.477566070287648303e-01 -4.987277321742467628e-01 -4.987277321742458192e-01 -5.477566070287673838e-01 -6.404021009538896081e-01 -7.437611854880602502e-01
4.200000000000000178e+00 -7.537090588543697844e-01 -6.456684426174381652e-01 -5.518869035069006168e-01 -5.032396735966411239e-01 -5.032396735966401247e-01 -5.518869035069030593e-01 -6.456684426174401636e-01 -7.537090588543725600e-01
4.250000000000000000e+00 -7.624947674818507437e-01 -6.499392103414550759e-01 -5.551662303813897914e-01 -5.069756559178890676e-01 -5.069756559178880684e-01 -5.551662303813915678e-01 -6.499392103414569632e-01 -7.624947674818539634e-01
4.299999999999999822e+00 -7.701047644445979667e-01 -6.532078189116592437e-01 -5.575895311678819022e-01 -5.099299185240400156e-01 -5.099299185240390164e-01 -5.575895311678833455e-01 -6.532078189116609090e-01 -7.701047644446015195e-01
4.349999999999999645e+00 -7.765273156788785602e-01 -6.554692283705487732e-01 -5.591530693122084283e-01 -5.120979061562844770e-01 -5.120979061562834778e-01 -5.591530693122095386e-01 -6.554692283705502165e-01 -7.765273156788821129e-01
4.399999999999999467e+00 -7.817525180762050496e-01 -6.567199517886483928e-01 -5.598544339518786161e-01 -5.134762759348330263e-01 -5.134762759348321381e-01 -5.598544339518795043e-01 -6.567199517886495030e-01 -7.817525180762089354e-01
4.450000000000000178e+00 -7.857723147532108543e-01 -6.569580606411018486e-01 -5.596925436334541093e-01 -5.140629025133930385e-01 -5.140629025133921504e-01 -5.596925436334546644e-01 -6.569580606411027368e-01 -7.857723147532149621e-01
4.500000000000000000e+00 -7.885805074747805898e-01 -6.561831877813165681e-01 -5.586676479800712913e-01 -5.138568813562995885e-01 -5.138568813562985893e-01 -5.586676479800714024e-01 -6.561831877813172342e-01 -7.885805074747846977e-01
4.549999999999999822e+00 -7.901727662112792983e-01 -6.543965280070784818e-01 -5.567813273065421731e-01 -5.128585301332443391e-01 -5.128585301332433399e-01 -5.567813273065418400e-01 -6.543965280070790369e-01 -7.901727662112836281e-01
4.599999999999999645e+00 -7.905466358151450601e-01 -6.516008362182599267e-01 -5.540364901826217991e-01 -5.110693882294513601e-01 -5.110693882294505830e-01 -5.540364901826212440e-01 -6.516008362182603708e-01 -7.905466358151495010e-01
4.649999999999999467e+00 -7.897015398065471148e-01 -6.478004231689639125e-01 -5.504373689482059406e-01 -5.084922143720570498e-01 -5.084922143720561616e-01 -5.504373689482049414e-01 -6.478004231689640235e-01 -7.897015398065515557e-01
4.700000000000000178e+00 -7.876387812622768214e-01 -6.430011488206526238e-01 -5.459895131873683249e-01 -5.051309823763519002e-01 -5.051309823763512341e-01 -5.459895131873669927e-01 -6.430011488206526238e-01 -7.876387812622812623e-01
4.750000000000000000e+00 -7.843615408064977812e-01 -6.372104133065129572e-01 -5.406997811713052382e-01 -5.009908750184464132e-01 -5.009908750184457471e-01 -5.406997811713035729e-01 -6.372104133065126241e-01 -7.843615408065025552e-01
4.799999999999999822e+00 -7.798748717064536429e-01 -6.304371455209865083e-01 -5.345763292833778380e-01 -4.960782760438053884e-01 -4.960782760438047778e-01 -5.345763292833757285e-01 -6.304371455209860642e-01 -7.798748717064583058e-01
4.849999999999999645e+00 -7.741856920806963194e-01 -6.226917893520623748e-01 -5.276285994425605752e-01 -4.904007603239753932e-01 -4.904007603239750046e-01 -5.276285994425581327e-01 -6.226917893520619307e-01 -7.741856920807010933e-01
4.899999999999999467e+00 -7.673027742318488942e-01 -6.139862875775589091e-01 -5.198673045446866592e-01 -4.839670821766821618e-01 -4.839670821766817177e-01 -5.198673045446838836e-01 -6.139862875775582429e-01 -7.673027742318536681e-01
4.950000000000000178e+00 -7.592367311203506164e-01 -6.043340634502243347e-01 -5.113044119439387192e-01 -4.767871618673061862e-01 -4.767871618673057976e-01 -5.113044119439356106e-01 -6.043340634502234465e-01 -7.592367311203553903e-01
5.000000000000000000e+00 -7.500000000000403011e-01 -5.937500000000563993e-01 -5.019531250000561773e-01 -4.688720703125536238e-01 -4.688720703125533462e-01 -5.019531250000528466e-01 -5.937500000000552891e-01 -7.500000000000450751e-01
5.000000000000000000e+00 -7.500000000000404121e-01 -5.937500000000562883e-01 -5.019531250000560663e-01 -4.688720703125536793e-01 -4.688720703125533462e-01 -5.019531250000528466e-01 -5.937500000000552891e-01 -7.500000000000452971e-01
