0.000000000000000000e+00 4.999999999999997224e-01 0.000000000000000000e+00 1.040834085586084257e-16 6.938893903907228378e-18 -1.249000902703301108e-16 4.999999999999996669e-01
5.000000000000000278e-02 5.000000000000000000e-01 3.400058012914541905e-16 7.494005416219806648e-16 5.793976409762535695e-16 1.283695372222837250e-16 5.000000000000000000e-01
1.000000000000000056e-01 5.000000000000002220e-01 6.661338147750939243e-16 1.297573160030651707e-15 1.137978600240785454e-15 4.041905699025960530e-16 5.000000000000002220e-01
1.500000000000000222e-01 5.000000000000004441e-01 9.506284648352902877e-16 1.762479051592436008e-15 1.616762279610384212e-15 6.522560269672794675e-16 5.000000000000005551e-01
2.000000000000000111e-01 5.000000000000008882e-01 1.252470349655254722e-15 2.414735078559715475e-15 2.119832087643658269e-15 8.465450562766818621e-16 5.000000000000008882e-01
2.500000000000000000e-01 5.000000000000009992e-01 1.571659469234987228e-15 3.018418848199644344e-15 2.598615767013257027e-15 1.075528555105620399e-15 5.000000000000009992e-01
2.999999999999999889e-01 5.000000000000013323e-01 1.873501354054951662e-15 3.476385845857521417e-15 3.125971703710206384e-15 1.366962099069723990e-15 5.000000000000012212e-01
3.499999999999999778e-01 5.000000000000015543e-01 2.260344689197779644e-15 4.135580766728708113e-15 3.674144322118877426e-15 1.623701173514291440e-15 5.000000000000012212e-01
3.999999999999999667e-01 5.000000000000017764e-01 2.628106066104862748e-15 4.662936703425657470e-15 4.166805789296290641e-15 1.887379141862766119e-15 5.000000000000014433e-01
4.500000000000000111e-01 5.000000000000021094e-01 3.029694550793493590e-15 5.193762087074560441e-15 4.690692279041286383e-15 2.171873791922962482e-15 5.000000000000016653e-01
5.000000000000000000e-01 5.000000000000024425e-01 3.410466353770402748e-15 5.721118023771509797e-15 5.183353746218699598e-15 2.414735078559715475e-15 5.000000000000017764e-01
5.500000000000000444e-01 5.000000000000026645e-01 3.842412499288627714e-15 6.245004513516505540e-15 5.653463808208414321e-15 2.706168622523819067e-15 5.000000000000019984e-01
6.000000000000000888e-01 5.000000000000029976e-01 4.250072516143177381e-15 6.752411130239721615e-15 6.141110840338082077e-15 2.997602166487922659e-15 5.000000000000022204e-01
6.500000000000000222e-01 5.000000000000032196e-01 4.627374872168132924e-15 7.259817746962937690e-15 6.602357549567727801e-15 3.302913498259840708e-15 5.000000000000023315e-01
7.000000000000000666e-01 5.000000000000033307e-01 5.032432803808717381e-15 7.751178171533368300e-15 7.067263441129512103e-15 3.594347042223944300e-15 5.000000000000023315e-01
7.500000000000000000e-01 5.000000000000035527e-01 5.410602521571661327e-15 8.217385105702135206e-15 7.525230438787389176e-15 3.941291737419305719e-15 5.000000000000025535e-01
8.000000000000000444e-01 5.000000000000037748e-01 5.818262538426210995e-15 8.679688912049954297e-15 7.965850201685498178e-15 4.232725281383409310e-15 5.000000000000027756e-01
8.500000000000000888e-01 5.000000000000038858e-01 6.234596172660644697e-15 9.114237142782144474e-15 8.389122729823839109e-15 4.593547764386585186e-15 5.000000000000027756e-01
9.000000000000000222e-01 5.000000000000042188e-01 6.591949208711866959e-15 9.532305500492554984e-15 8.798517470154365583e-15 4.829470157119430951e-15 5.000000000000027756e-01
9.500000000000000666e-01 5.000000000000044409e-01 6.904199434387692236e-15 9.917414112159406159e-15 9.232198339148567356e-15 5.162537064506977913e-15 5.000000000000029976e-01
1.000000000000000000e+00 5.000000000000047740e-01 7.265021917390868111e-15 1.030252272382625733e-14 9.627715291671279374e-15 5.467848396278895962e-15 5.000000000000029976e-01
1.050000000000000044e+00 4.999999999999965583e-01 2.500000000000013323e-01 -5.322131624296844166e-15 -3.969047313034934632e-15 2.499999999999974742e-01 4.999999999999940603e-01
1.100000000000000089e+00 4.999999999999968914e-01 2.500000000000015543e-01 -5.162537064506977913e-15 -3.275157922644211794e-15 2.499999999999978351e-01 4.999999999999944489e-01
1.150000000000000133e+00 4.999999999999971134e-01 2.500000000000017764e-01 -4.985595269957343589e-15 -2.567390744445674500e-15 2.499999999999981959e-01 4.999999999999947264e-01
1.199999999999999956e+00 4.999999999999972800e-01 2.500000000000020539e-01 -4.815592369311616494e-15 -1.838806884535415520e-15 2.499999999999985290e-01 4.999999999999950595e-01
1.250000000000000000e+00 4.999999999999974465e-01 2.500000000000022204e-01 -4.631711680858074942e-15 -1.103284130721249312e-15 2.499999999999988620e-01 4.999999999999953371e-01
1.300000000000000044e+00 4.999999999999975575e-01 2.500000000000024980e-01 -4.440892098500626162e-15 -3.608224830031758756e-16 2.499999999999992228e-01 4.999999999999956146e-01
1.350000000000000089e+00 4.999999999999977796e-01 2.500000000000026645e-01 -4.263950303950991838e-15 4.024558464266192459e-16 2.499999999999995837e-01 4.999999999999959477e-01
1.400000000000000133e+00 4.999999999999980571e-01 2.500000000000029421e-01 -4.019354293838262038e-15 1.165734175856414367e-15 2.499999999999999445e-01 4.999999999999962808e-01
1.449999999999999956e+00 4.999999999999982236e-01 2.500000000000031641e-01 -3.840244094943656705e-15 1.929012505286209489e-15 2.500000000000003331e-01 4.999999999999966138e-01
1.500000000000000000e+00 4.999999999999987232e-01 2.500000000000034417e-01 -3.630776235219457249e-15 2.678413046908190154e-15 2.500000000000007216e-01 4.999999999999970024e-01
1.550000000000000044e+00 4.999999999999988898e-01 2.500000000000037748e-01 -3.410466353770402748e-15 3.448630270241892504e-15 2.500000000000010547e-01 4.999999999999972244e-01
1.600000000000000089e+00 4.999999999999990008e-01 2.500000000000039413e-01 -3.165870343657672947e-15 4.246603069191223767e-15 2.500000000000014433e-01 4.999999999999975020e-01
1.650000000000000133e+00 4.999999999999991673e-01 2.500000000000042188e-01 -2.964642420444363324e-15 5.023759186428833345e-15 2.500000000000018319e-01 4.999999999999978906e-01
1.699999999999999956e+00 4.999999999999993339e-01 2.500000000000043854e-01 -2.744332538995308823e-15 5.800915303666442924e-15 2.500000000000022204e-01 4.999999999999981681e-01
1.750000000000000000e+00 4.999999999999995559e-01 2.500000000000046629e-01 -2.534430998402115165e-15 6.543376951384516360e-15 2.500000000000025535e-01 4.999999999999985567e-01
1.800000000000000044e+00 4.999999999999996669e-01 2.500000000000048850e-01 -2.305447499573176628e-15 7.327471962526033167e-15 2.500000000000029976e-01 4.999999999999988898e-01
1.850000000000000089e+00 4.999999999999997780e-01 2.500000000000051625e-01 -2.072994553792284478e-15 8.083811398051921060e-15 2.500000000000033862e-01 4.999999999999992784e-01
1.900000000000000133e+00 4.999999999999998890e-01 2.500000000000053846e-01 -1.847480501915299556e-15 8.826273045769994496e-15 2.500000000000037748e-01 4.999999999999996114e-01
1.949999999999999956e+00 5.000000000000001110e-01 2.500000000000055511e-01 -1.670538707365665232e-15 9.568734693488067933e-15 2.500000000000041078e-01 4.999999999999998890e-01
2.000000000000000000e+00 5.000000000000001110e-01 2.500000000000056621e-01 -1.457167719820517959e-15 1.030425744730223414e-14 2.500000000000043854e-01 5.000000000000003331e-01
2.049999999999999822e+00 2.499999999999964473e-01 1.250000000000002776e-01 1.249999999999993061e-01 1.249999999999890643e-01 1.249999999999904382e-01 2.499999999999959199e-01
2.099999999999999645e+00 2.499999999999970302e-01 1.250000000000009437e-01 1.249999999999996114e-01 1.249999999999892863e-01 1.249999999999908684e-01 2.499999999999963363e-01
2.149999999999999911e+00 2.499999999999975575e-01 1.250000000000014155e-01 1.249999999999999029e-01 1.249999999999895639e-01 1.249999999999912570e-01 2.499999999999966693e-01
2.199999999999999734e+00 2.499999999999980571e-01 1.250000000000019706e-01 1.250000000000002220e-01 1.249999999999897998e-01 1.249999999999917011e-01 2.499999999999970024e-01
2.250000000000000000e+00 2.499999999999985845e-01 1.250000000000025535e-01 1.250000000000005829e-01 1.249999999999900635e-01 1.249999999999921174e-01 2.499999999999973910e-01
2.299999999999999822e+00 2.499999999999991118e-01 1.250000000000031364e-01 1.250000000000009437e-01 1.249999999999902855e-01 1.249999999999926031e-01 2.499999999999977796e-01
2.349999999999999645e+00 2.499999999999996947e-01 1.250000000000036637e-01 1.250000000000012768e-01 1.249999999999905909e-01 1.249999999999930611e-01 2.499999999999981404e-01
2.399999999999999911e+00 2.500000000000002220e-01 1.250000000000042466e-01 1.250000000000017486e-01 1.249999999999908962e-01 1.249999999999935330e-01 2.499999999999984734e-01
2.449999999999999734e+00 2.500000000000007772e-01 1.250000000000048295e-01 1.250000000000021094e-01 1.249999999999912015e-01 1.249999999999940187e-01 2.499999999999988343e-01
2.500000000000000000e+00 2.500000000000012768e-01 1.250000000000054123e-01 1.250000000000024702e-01 1.249999999999914652e-01 1.249999999999945044e-01 2.499999999999991673e-01
2.549999999999999822e+00 2.500000000000017764e-01 1.250000000000059397e-01 1.250000000000028588e-01 1.249999999999917566e-01 1.249999999999950040e-01 2.499999999999995559e-01
2.599999999999999645e+00 2.500000000000022760e-01 1.250000000000064670e-01 1.250000000000032474e-01 1.249999999999920619e-01 1.249999999999955175e-01 2.499999999999998890e-01
2.649999999999999911e+00 2.500000000000028866e-01 1.250000000000069944e-01 1.250000000000036637e-01 1.249999999999923533e-01 1.249999999999960171e-01 2.500000000000002776e-01
2.699999999999999734e+00 2.500000000000033862e-01 1.250000000000074940e-01 1.250000000000040523e-01 1.249999999999926725e-01 1.249999999999965444e-01 2.500000000000005551e-01
2.750000000000000000e+00 2.500000000000039968e-01 1.250000000000080491e-01 1.250000000000044964e-01 1.249999999999929778e-01 1.249999999999970579e-01 2.500000000000009992e-01
2.799999999999999822e+00 2.500000000000044409e-01 1.250000000000084932e-01 1.250000000000048850e-01 1.249999999999932832e-01 1.249999999999975714e-01 2.500000000000012768e-01
2.849999999999999645e+00 2.500000000000051070e-01 1.250000000000090206e-01 1.250000000000053291e-01 1.249999999999936023e-01 1.249999999999980849e-01 2.500000000000016653e-01
2.899999999999999911e+00 2.500000000000057176e-01 1.250000000000095202e-01 1.250000000000057454e-01 1.249999999999938938e-01 1.249999999999986261e-01 2.500000000000020539e-01
2.949999999999999734e+00 2.500000000000062728e-01 1.250000000000099365e-01 1.250000000000061617e-01 1.249999999999941713e-01 1.249999999999990979e-01 2.500000000000023870e-01
3.000000000000000000e+00 2.500000000000068279e-01 1.250000000000104083e-01 1.250000000000065781e-01 1.249999999999944628e-01 1.249999999999996253e-01 2.500000000000026645e-01
3.049999999999999822e+00 2.499999999999897027e-01 -1.561251128379126385e-16 6.249999999999462930e-02 6.249999999999968081e-02 -2.046973701652632371e-15 2.499999999999995004e-01
3.099999999999999645e+00 2.499999999999900357e-01 9.367506770274758310e-17 6.249999999999502481e-02 6.250000000000012490e-02 -1.908195823574487804e-15 2.499999999999998335e-01
3.149999999999999911e+00 2.499999999999901745e-01 2.567390744445674500e-16 6.249999999999539951e-02 6.250000000000049960e-02 -1.726049858596923059e-15 2.500000000000001110e-01
3.199999999999999734e+00 2.499999999999904243e-01 4.718447854656915297e-16 6.249999999999582279e-02 6.250000000000091593e-02 -1.571659469234987228e-15 2.500000000000004441e-01
3.250000000000000000e+00 2.499999999999906186e-01 7.320533068622125938e-16 6.249999999999622524e-02 6.250000000000134615e-02 -1.380839886877538447e-15 2.500000000000007216e-01
3.299999999999999822e+00 2.499999999999907851e-01 9.853229343548264296e-16 6.249999999999663464e-02 6.250000000000174860e-02 -1.216041156659741773e-15 2.500000000000009992e-01
3.349999999999999645e+00 2.499999999999910072e-01 1.207367539279857738e-15 6.249999999999706485e-02 6.250000000000220657e-02 -1.020884765612350975e-15 2.500000000000012212e-01
3.399999999999999911e+00 2.499999999999912292e-01 1.519617764955683015e-15 6.249999999999751588e-02 6.250000000000263678e-02 -7.910339050454240351e-16 2.500000000000014988e-01
3.449999999999999734e+00 2.499999999999914513e-01 1.804112415015879378e-15 6.249999999999796690e-02 6.250000000000309475e-02 -5.715913853343579376e-16 2.500000000000017764e-01
3.500000000000000000e+00 2.499999999999917011e-01 2.078198724220214899e-15 6.249999999999847344e-02 6.250000000000352496e-02 -3.677613769070831040e-16 2.500000000000020539e-01
3.549999999999999822e+00 2.499999999999920064e-01 2.380040609040179334e-15 6.249999999999892447e-02 6.250000000000399680e-02 -1.396452398161329711e-16 2.500000000000023315e-01
3.599999999999999645e+00 2.499999999999922562e-01 2.674943599956236540e-15 6.249999999999942407e-02 6.250000000000445477e-02 7.112366251504909087e-17 2.500000000000026090e-01
3.649999999999999911e+00 2.499999999999925060e-01 2.968111867396316939e-15 6.249999999999993061e-02 6.250000000000491274e-02 2.844946500601963635e-16 2.500000000000028866e-01
3.699999999999999734e+00 2.499999999999927836e-01 3.301178774783863901e-15 6.250000000000043021e-02 6.250000000000541234e-02 5.360295540768333922e-16 2.500000000000032196e-01
3.750000000000000000e+00 2.499999999999929501e-01 3.589142871796013878e-15 6.250000000000092981e-02 6.250000000000588418e-02 7.806255641895631925e-16 2.500000000000033862e-01
3.799999999999999822e+00 2.499999999999931721e-01 3.873637521856210242e-15 6.250000000000142941e-02 6.250000000000632827e-02 1.037364638634130642e-15 2.500000000000037192e-01
3.849999999999999645e+00 2.499999999999934774e-01 4.174612044938186273e-15 6.250000000000194289e-02 6.250000000000685563e-02 1.297573160030651707e-15 2.500000000000039968e-01
3.899999999999999911e+00 2.499999999999936717e-01 4.478188653234127514e-15 6.250000000000242861e-02 6.250000000000735523e-02 1.575128916186940842e-15 2.500000000000042744e-01
3.949999999999999734e+00 2.499999999999939493e-01 4.753142324176451439e-15 6.250000000000298372e-02 6.250000000000786871e-02 1.828398543679554678e-15 2.500000000000046074e-01
4.000000000000000000e+00 2.499999999999941436e-01 5.039371697712624609e-15 6.250000000000349720e-02 6.250000000000838218e-02 2.102484852883890198e-15 2.500000000000049405e-01
4.049999999999999822e+00 2.499999999999874822e-01 3.124999999999722444e-02 -3.124999999999321723e-02 -3.124999999999927142e-02 3.124999999999659300e-02 2.499999999999860112e-01
4.099999999999999645e+00 2.499999999999876210e-01 3.124999999999754016e-02 -3.124999999999289804e-02 -3.124999999999894876e-02 3.124999999999686015e-02 2.499999999999861500e-01
4.149999999999999467e+00 2.499999999999878153e-01 3.124999999999784894e-02 -3.124999999999257538e-02 -3.124999999999860181e-02 3.124999999999713077e-02 2.499999999999862610e-01
4.200000000000000178e+00 2.499999999999879818e-01 3.124999999999814038e-02 -3.124999999999223538e-02 -3.124999999999830344e-02 3.124999999999740832e-02 2.499999999999863720e-01
4.250000000000000000e+00 2.499999999999882316e-01 3.124999999999844916e-02 -3.124999999999186762e-02 -3.124999999999795650e-02 3.124999999999767200e-02 2.499999999999864553e-01
4.299999999999999822e+00 2.499999999999884259e-01 3.124999999999878569e-02 -3.124999999999147210e-02 -3.124999999999767894e-02 3.124999999999797731e-02 2.499999999999865941e-01
4.349999999999999645e+00 2.499999999999887867e-01 3.124999999999913264e-02 -3.124999999999107658e-02 -3.124999999999734587e-02 3.124999999999827222e-02 2.499999999999867883e-01
4.399999999999999467e+00 2.499999999999890088e-01 3.124999999999949346e-02 -3.124999999999067413e-02 -3.124999999999700587e-02 3.124999999999856365e-02 2.499999999999868994e-01
4.450000000000000178e+00 2.499999999999892863e-01 3.124999999999983000e-02 -3.124999999999024392e-02 -3.124999999999665545e-02 3.124999999999886896e-02 2.499999999999870659e-01
4.500000000000000000e+00 2.499999999999895361e-01 3.125000000000020817e-02 -3.124999999998983105e-02 -3.124999999999632239e-02 3.124999999999918815e-02 2.499999999999871492e-01
4.549999999999999822e+00 2.499999999999898415e-01 3.125000000000054123e-02 -3.124999999998939737e-02 -3.124999999999605177e-02 3.124999999999950734e-02 2.499999999999872324e-01
4.599999999999999645e+00 2.499999999999900635e-01 3.125000000000089512e-02 -3.124999999998895328e-02 -3.124999999999567707e-02 3.124999999999984041e-02 2.499999999999874267e-01
4.649999999999999467e+00 2.499999999999903966e-01 3.125000000000127676e-02 -3.124999999998849878e-02 -3.124999999999535441e-02 3.125000000000014572e-02 2.499999999999876210e-01
4.700000000000000178e+00 2.499999999999907019e-01 3.125000000000163758e-02 -3.124999999998807204e-02 -3.124999999999501787e-02 3.125000000000047878e-02 2.499999999999878431e-01
4.750000000000000000e+00 2.499999999999909794e-01 3.125000000000199840e-02 -3.124999999998761407e-02 -3.124999999999469175e-02 3.125000000000081185e-02 2.499999999999880096e-01
4.799999999999999822e+00 2.499999999999914513e-01 3.125000000000237310e-02 -3.124999999998717692e-02 -3.124999999999437950e-02 3.125000000000113798e-02 2.499999999999881761e-01
4.849999999999999645e+00 2.499999999999918399e-01 3.125000000000275474e-02 -3.124999999998675365e-02 -3.124999999999410541e-02 3.125000000000146411e-02 2.499999999999883704e-01
4.899999999999999467e+00 2.499999999999922007e-01 3.125000000000315026e-02 -3.124999999998632691e-02 -3.124999999999379663e-02 3.125000000000186656e-02 2.499999999999886202e-01
4.950000000000000178e+00 2.499999999999925893e-01 3.125000000000348332e-02 -3.124999999998592098e-02 -3.124999999999349479e-02 3.125000000000217881e-02 2.499999999999887867e-01
5.000000000000000000e+00 2.499999999999929501e-01 3.125000000000387884e-02 -3.124999999998550118e-02 -3.124999999999318948e-02 3.125000000000254657e-02 2.499999999999889533e-01
5.000000000000000000e+00 2.187499999999850397e-01 -6.250000000000746625e-02 -4.687500000001401657e-02 -4.687500000000534989e-02 -6.250000000000068001e-02 2.187499999999750755e-01
