0.000000000000000000e+00 4.999999999999995559e-01 5.724587470723463412e-16 5.516420653606246560e-16 4.999999999999994449e-01
5.000000000000000278e-02 4.999999999999990008e-01 4.822531263215523722e-16 5.065392549852276716e-16 4.999999999999991673e-01
1.000000000000000056e-01 4.999999999999984457e-01 4.128641872824800885e-16 4.302114220422481594e-16 4.999999999999987788e-01
1.500000000000000222e-01 4.999999999999978906e-01 3.191891195797325054e-16 3.955169525227120175e-16 4.999999999999982236e-01
2.000000000000000111e-01 4.999999999999973910e-01 1.491862189340054101e-16 3.504141421473150331e-16 4.999999999999978906e-01
2.500000000000000000e-01 4.999999999999968359e-01 3.816391647148975608e-17 2.636779683484746784e-16 4.999999999999975575e-01
2.999999999999999889e-01 4.999999999999963363e-01 -1.387778780781445676e-17 1.942890293094023946e-16 4.999999999999970024e-01
3.499999999999999778e-01 4.999999999999958922e-01 -1.040834085586084257e-17 9.714451465470119729e-17 4.999999999999965583e-01
3.999999999999999667e-01 4.999999999999953371e-01 -1.006139616066548115e-16 -1.387778780781445676e-17 4.999999999999961142e-01
4.500000000000000111e-01 4.999999999999947820e-01 -1.231653667943533037e-16 -5.551115123125782702e-17 4.999999999999955591e-01
5.000000000000000000e-01 4.999999999999942824e-01 -1.630640067418198669e-16 -1.249000902703301108e-16 4.999999999999950040e-01
5.500000000000000444e-01 4.999999999999939493e-01 -2.046973701652632371e-16 -1.665334536937734811e-16 4.999999999999946154e-01
6.000000000000000888e-01 4.999999999999934497e-01 -2.671474153004282925e-16 -2.359223927328457648e-16 4.999999999999941713e-01
6.500000000000000222e-01 4.999999999999931166e-01 -2.949029909160572061e-16 -2.498001805406602216e-16 4.999999999999937272e-01
7.000000000000000666e-01 4.999999999999925615e-01 -3.365363543395005763e-16 -2.775557561562891351e-16 4.999999999999932832e-01
7.500000000000000000e-01 4.999999999999921729e-01 -3.382710778154773834e-16 -3.053113317719180486e-16 4.999999999999926725e-01
8.000000000000000444e-01 4.999999999999917843e-01 -3.504141421473150331e-16 -2.914335439641035919e-16 4.999999999999922284e-01
8.500000000000000888e-01 4.999999999999913958e-01 -3.191891195797325054e-16 -2.636779683484746784e-16 4.999999999999918954e-01
9.000000000000000222e-01 4.999999999999909517e-01 -2.914335439641035919e-16 -2.498001805406602216e-16 4.999999999999913958e-01
9.500000000000000666e-01 4.999999999999905631e-01 -2.359223927328457648e-16 -1.804112415015879378e-16 4.999999999999908962e-01
1.000000000000000000e+00 4.999999999999901190e-01 -2.393918396847993790e-16 -1.110223024625156540e-16 4.999999999999904521e-01
1.050000000000000044e+00 4.999999999999880096e-01 2.499999999999902855e-01 2.499999999999973355e-01 4.999999999999880651e-01
1.100000000000000089e+00 4.999999999999876765e-01 2.499999999999899802e-01 2.499999999999977796e-01 4.999999999999878986e-01
1.150000000000000133e+00 4.999999999999873435e-01 2.499999999999897027e-01 2.499999999999982792e-01 4.999999999999876210e-01
1.199999999999999956e+00 4.999999999999870104e-01 2.499999999999893419e-01 2.499999999999987232e-01 4.999999999999873990e-01
1.250000000000000000e+00 4.999999999999866218e-01 2.499999999999890088e-01 2.499999999999991951e-01 4.999999999999871214e-01
1.300000000000000044e+00 4.999999999999863443e-01 2.499999999999887312e-01 2.499999999999995837e-01 4.999999999999867883e-01
1.350000000000000089e+00 4.999999999999859557e-01 2.499999999999883982e-01 2.500000000000000000e-01 4.999999999999865108e-01
1.400000000000000133e+00 4.999999999999855671e-01 2.499999999999880096e-01 2.500000000000003331e-01 4.999999999999861222e-01
1.449999999999999956e+00 4.999999999999851230e-01 2.499999999999877043e-01 2.500000000000007772e-01 4.999999999999858447e-01
1.500000000000000000e+00 4.999999999999846789e-01 2.499999999999873712e-01 2.500000000000011657e-01 4.999999999999855671e-01
1.550000000000000044e+00 4.999999999999844569e-01 2.499999999999870381e-01 2.500000000000015543e-01 4.999999999999853451e-01
1.600000000000000089e+00 4.999999999999839573e-01 2.499999999999867328e-01 2.500000000000018874e-01 4.999999999999850675e-01
1.650000000000000133e+00 4.999999999999835687e-01 2.499999999999864553e-01 2.500000000000022760e-01 4.999999999999849010e-01
1.699999999999999956e+00 4.999999999999831801e-01 2.499999999999861500e-01 2.500000000000025535e-01 4.999999999999846234e-01
1.750000000000000000e+00 4.999999999999827915e-01 2.499999999999858169e-01 2.500000000000029421e-01 4.999999999999843459e-01
1.800000000000000044e+00 4.999999999999825140e-01 2.499999999999855671e-01 2.500000000000032752e-01 4.999999999999842348e-01
1.850000000000000089e+00 4.999999999999820144e-01 2.499999999999853173e-01 2.500000000000036637e-01 4.999999999999840128e-01
1.900000000000000133e+00 4.999999999999816258e-01 2.499999999999849842e-01 2.500000000000039968e-01 4.999999999999838463e-01
1.949999999999999956e+00 4.999999999999812372e-01 2.499999999999846512e-01 2.500000000000042744e-01 4.999999999999837907e-01
2.000000000000000000e+00 4.999999999999809042e-01 2.499999999999844569e-01 2.500000000000047184e-01 4.999999999999836797e-01
2.049999999999999822e+00 2.499999999999961420e-01 2.499999999999870104e-01 2.499999999999826250e-01 2.499999999999821532e-01
2.099999999999999645e+00 2.499999999999961420e-01 2.499999999999870937e-01 2.499999999999826528e-01 2.499999999999815425e-01
2.149999999999999911e+00 2.499999999999961420e-01 2.499999999999871769e-01 2.499999999999826250e-01 2.499999999999809319e-01
2.199999999999999734e+00 2.499999999999961142e-01 2.499999999999872879e-01 2.499999999999826250e-01 2.499999999999802935e-01
2.250000000000000000e+00 2.499999999999961420e-01 2.499999999999873157e-01 2.499999999999826250e-01 2.499999999999796552e-01
2.299999999999999822e+00 2.499999999999961142e-01 2.499999999999873990e-01 2.499999999999826528e-01 2.499999999999790168e-01
2.349999999999999645e+00 2.499999999999961142e-01 2.499999999999874822e-01 2.499999999999826250e-01 2.499999999999782951e-01
2.399999999999999911e+00 2.499999999999960587e-01 2.499999999999875655e-01 2.499999999999825695e-01 2.499999999999775457e-01
2.449999999999999734e+00 2.499999999999960032e-01 2.499999999999876210e-01 2.499999999999825695e-01 2.499999999999768241e-01
2.500000000000000000e+00 2.499999999999959477e-01 2.499999999999876765e-01 2.499999999999825417e-01 2.499999999999761302e-01
2.549999999999999822e+00 2.499999999999959199e-01 2.499999999999876765e-01 2.499999999999825140e-01 2.499999999999753530e-01
2.599999999999999645e+00 2.499999999999959199e-01 2.499999999999877043e-01 2.499999999999825695e-01 2.499999999999746592e-01
2.649999999999999911e+00 2.499999999999958644e-01 2.499999999999877598e-01 2.499999999999825140e-01 2.499999999999739375e-01
2.699999999999999734e+00 2.499999999999958367e-01 2.499999999999877875e-01 2.499999999999825695e-01 2.499999999999732436e-01
2.750000000000000000e+00 2.499999999999956424e-01 2.499999999999878431e-01 2.499999999999825695e-01 2.499999999999725220e-01
2.799999999999999822e+00 2.499999999999955036e-01 2.499999999999878153e-01 2.499999999999825417e-01 2.499999999999717448e-01
2.849999999999999645e+00 2.499999999999953648e-01 2.499999999999878153e-01 2.499999999999825695e-01 2.499999999999710509e-01
2.899999999999999911e+00 2.499999999999953093e-01 2.499999999999878708e-01 2.499999999999826250e-01 2.499999999999703570e-01
2.949999999999999734e+00 2.499999999999952260e-01 2.499999999999878708e-01 2.499999999999826805e-01 2.499999999999697464e-01
3.000000000000000000e+00 2.499999999999951983e-01 2.499999999999879818e-01 2.499999999999827360e-01 2.499999999999691636e-01
3.049999999999999822e+00 1.249999999999881761e-01 -2.499999999999947542e-01 -2.499999999999789335e-01 1.249999999999860667e-01
3.099999999999999645e+00 1.249999999999878569e-01 -2.499999999999944766e-01 -2.499999999999786282e-01 1.249999999999857753e-01
3.149999999999999911e+00 1.249999999999875100e-01 -2.499999999999941991e-01 -2.499999999999783507e-01 1.249999999999854561e-01
3.199999999999999734e+00 1.249999999999871492e-01 -2.499999999999938383e-01 -2.499999999999779621e-01 1.249999999999850953e-01
3.250000000000000000e+00 1.249999999999867606e-01 -2.499999999999935330e-01 -2.499999999999776290e-01 1.249999999999846512e-01
3.299999999999999822e+00 1.249999999999863720e-01 -2.499999999999932832e-01 -2.499999999999772682e-01 1.249999999999842765e-01
3.349999999999999645e+00 1.249999999999860389e-01 -2.499999999999930056e-01 -2.499999999999770184e-01 1.249999999999839018e-01
3.399999999999999911e+00 1.249999999999856226e-01 -2.499999999999927003e-01 -2.499999999999767131e-01 1.249999999999834854e-01
3.449999999999999734e+00 1.249999999999852618e-01 -2.499999999999924505e-01 -2.499999999999764633e-01 1.249999999999831107e-01
3.500000000000000000e+00 1.249999999999848593e-01 -2.499999999999922007e-01 -2.499999999999761857e-01 1.249999999999826805e-01
3.549999999999999822e+00 1.249999999999844569e-01 -2.499999999999919231e-01 -2.499999999999759082e-01 1.249999999999822503e-01
3.599999999999999645e+00 1.249999999999840683e-01 -2.499999999999917011e-01 -2.499999999999756028e-01 1.249999999999818340e-01
3.649999999999999911e+00 1.249999999999836797e-01 -2.499999999999914790e-01 -2.499999999999753530e-01 1.249999999999814038e-01
3.699999999999999734e+00 1.249999999999832911e-01 -2.499999999999912570e-01 -2.499999999999751310e-01 1.249999999999809736e-01
3.750000000000000000e+00 1.249999999999828887e-01 -2.499999999999910072e-01 -2.499999999999748812e-01 1.249999999999805572e-01
3.799999999999999822e+00 1.249999999999824724e-01 -2.499999999999908129e-01 -2.499999999999746314e-01 1.249999999999801548e-01
3.849999999999999645e+00 1.249999999999820699e-01 -2.499999999999905631e-01 -2.499999999999743816e-01 1.249999999999797523e-01
3.899999999999999911e+00 1.249999999999816119e-01 -2.499999999999902855e-01 -2.499999999999741318e-01 1.249999999999793360e-01
3.949999999999999734e+00 1.249999999999811817e-01 -2.499999999999900357e-01 -2.499999999999738542e-01 1.249999999999788919e-01
4.000000000000000000e+00 1.249999999999807931e-01 -2.499999999999897859e-01 -2.499999999999735212e-01 1.249999999999784894e-01
4.049999999999999822e+00 2.499999999999770739e-01 2.499999999999721334e-01 2.499999999999747979e-01 2.499999999999930611e-01
4.099999999999999645e+00 2.499999999999767131e-01 2.499999999999712452e-01 2.499999999999739930e-01 2.499999999999928946e-01
4.149999999999999467e+00 2.499999999999763522e-01 2.499999999999703015e-01 2.499999999999731881e-01 2.499999999999926448e-01
4.200000000000000178e+00 2.499999999999760469e-01 2.499999999999693856e-01 2.499999999999724110e-01 2.499999999999925338e-01
4.250000000000000000e+00 2.499999999999755751e-01 2.499999999999684974e-01 2.499999999999716338e-01 2.499999999999923395e-01
4.299999999999999822e+00 2.499999999999752698e-01 2.499999999999676370e-01 2.499999999999707734e-01 2.499999999999921452e-01
4.349999999999999645e+00 2.499999999999748812e-01 2.499999999999667766e-01 2.499999999999698574e-01 2.499999999999919786e-01
4.399999999999999467e+00 2.499999999999745759e-01 2.499999999999659439e-01 2.499999999999691636e-01 2.499999999999918121e-01
4.450000000000000178e+00 2.499999999999743261e-01 2.499999999999650835e-01 2.499999999999683586e-01 2.499999999999916733e-01
4.500000000000000000e+00 2.499999999999740485e-01 2.499999999999642786e-01 2.499999999999675260e-01 2.499999999999915345e-01
4.549999999999999822e+00 2.499999999999736322e-01 2.499999999999633626e-01 2.499999999999666656e-01 2.499999999999913680e-01
4.599999999999999645e+00 2.499999999999732991e-01 2.499999999999625300e-01 2.499999999999658884e-01 2.499999999999911737e-01
4.649999999999999467e+00 2.499999999999729383e-01 2.499999999999616973e-01 2.499999999999651112e-01 2.499999999999910627e-01
4.700000000000000178e+00 2.499999999999727440e-01 2.499999999999608646e-01 2.499999999999643341e-01 2.499999999999909239e-01
4.750000000000000000e+00 2.499999999999724110e-01 2.499999999999599487e-01 2.499999999999635847e-01 2.499999999999907851e-01
4.799999999999999822e+00 2.499999999999720501e-01 2.499999999999591160e-01 2.499999999999628075e-01 2.499999999999906186e-01
4.849999999999999645e+00 2.499999999999718281e-01 2.499999999999582556e-01 2.499999999999621136e-01 2.499999999999905076e-01
4.899999999999999467e+00 2.499999999999715228e-01 2.499999999999573952e-01 2.499999999999613365e-01 2.499999999999903966e-01
4.950000000000000178e+00 2.499999999999712452e-01 2.499999999999564793e-01 2.499999999999605593e-01 2.499999999999902855e-01
5.000000000000000000e+00 2.499999999999709677e-01 2.499999999999556188e-01 2.499999999999598932e-01 2.499999999999901745e-01
5.000000000000000000e+00 2.499999999999738542e-01 -3.124999999999709677e-01 -3.124999999999516498e-01 2.499999999999800715e-01
