0.000000000000000000e+00 5.000000000000004441e-01 6.765421556309547668e-17 7.632783294297951215e-17 9.714451465470119729e-17 1.734723475976807094e-17 5.377642775528101993e-17 -7.806255641895631925e-18 5.000000000000002220e-01
5.000000000000000278e-02 5.000000000000009992e-01 4.666406150377611084e-16 7.251144129583053655e-16 8.118505867571457202e-16 5.689893001203927270e-16 8.673617379884035472e-16 7.823602876655399996e-16 5.000000000000008882e-01
1.000000000000000056e-01 5.000000000000014433e-01 7.719519468096791570e-16 1.301042606982605321e-15 1.530026105811543857e-15 1.162264728904460753e-15 1.706967900361178181e-15 1.517883041479706208e-15 5.000000000000014433e-01
1.500000000000000222e-01 5.000000000000019984e-01 1.172673069760321596e-15 1.870031907102998048e-15 2.154526557163194411e-15 1.769417945496343236e-15 2.508410146262463059e-15 2.324529457808921507e-15 5.000000000000019984e-01
2.000000000000000111e-01 5.000000000000026645e-01 1.509209424099822172e-15 2.609024107869117870e-15 2.876171523169546163e-15 2.321060010856967892e-15 3.344546861683284078e-15 3.101685575046531085e-15 5.000000000000026645e-01
2.500000000000000000e-01 5.000000000000029976e-01 1.786765180256111307e-15 3.223116218364907581e-15 3.460773334573730153e-15 2.848415947553917249e-15 4.104355744161125585e-15 3.913536161803676805e-15 5.000000000000033307e-01
2.999999999999999889e-01 5.000000000000037748e-01 2.289834988289385365e-15 3.920475055707584033e-15 4.116498808492963235e-15 3.337607967779376850e-15 4.862429903162990286e-15 4.690692279041286383e-15 5.000000000000039968e-01
3.499999999999999778e-01 5.000000000000044409e-01 2.641983853912677205e-15 4.697631172945193612e-15 4.709774237277031261e-15 3.851086116668511750e-15 5.637851296924623057e-15 5.523359547510153789e-15 5.000000000000046629e-01
3.999999999999999667e-01 5.000000000000051070e-01 3.014949401247690730e-15 5.322131624296844166e-15 5.390653201597928046e-15 4.364564265557646650e-15 6.402864349830394985e-15 6.300515664747763367e-15 5.000000000000053291e-01
4.500000000000000111e-01 5.000000000000056621e-01 3.448630270241892504e-15 6.031633525971358267e-15 6.038572419875265496e-15 4.904930628324422059e-15 7.171346849688120528e-15 7.112366251504909087e-15 5.000000000000061062e-01
5.000000000000000000e-01 5.000000000000063283e-01 3.740931175943984499e-15 6.725522916362081105e-15 6.685027965219747514e-15 5.434021288497348223e-15 7.942431434759811282e-15 7.924216838262054807e-15 5.000000000000067724e-01
5.500000000000000444e-01 5.000000000000067724e-01 4.268287112640933856e-15 7.434157456298606803e-15 7.327038281657038965e-15 6.012551567735613389e-15 8.766858766717788853e-15 8.770761894538736669e-15 5.000000000000074385e-01
6.000000000000000888e-01 5.000000000000074385e-01 4.666406150377611084e-15 8.206543083977280162e-15 7.980161670362306836e-15 6.568530441786180063e-15 9.549242771305851973e-15 9.547918011776346248e-15 5.000000000000081046e-01
6.500000000000000222e-01 5.000000000000079936e-01 5.089461838081454914e-15 8.916912347389782667e-15 8.636320825150534120e-15 7.138603944079058294e-15 1.034957709811212823e-14 1.036670749243739920e-14 5.000000000000085487e-01
7.000000000000000666e-01 5.000000000000084377e-01 5.523359547510153789e-15 9.643327802955070638e-15 9.309393533829535272e-15 7.717134223317323460e-15 1.113735839664009575e-14 1.119937476090626660e-14 5.000000000000092149e-01
7.500000000000000000e-01 5.000000000000091038e-01 5.924080670460796227e-15 1.033981927855975869e-14 9.973575784694155288e-15 8.301519194287010350e-15 1.191668291822267634e-14 1.196265309033606172e-14 5.000000000000099920e-01
8.000000000000000444e-01 5.000000000000098810e-01 6.303985111699716981e-15 1.111610803405937986e-14 1.064317904642120283e-14 8.890457814381136359e-15 1.273287031366976407e-14 1.268429805634241347e-14 5.000000000000106581e-01
8.500000000000000888e-01 5.000000000000104361e-01 6.775829897165408511e-15 1.179611963664228824e-14 1.131776963814168369e-14 9.462049199715494296e-15 1.349137815354062298e-14 1.348920974919565197e-14 5.000000000000113243e-01
9.000000000000000222e-01 5.000000000000112133e-01 7.379513666805337380e-15 1.254031600783633849e-14 1.206153232846673973e-14 1.005619199023755073e-14 1.427720788815811659e-14 1.421085471520200372e-14 5.000000000000118794e-01
9.500000000000000666e-01 5.000000000000117684e-01 7.844419558367121681e-15 1.333828880678566975e-14 1.277450367709320744e-14 1.063732435468978110e-14 1.508710691100478840e-14 1.498801083243961330e-14 5.000000000000125455e-01
1.000000000000000000e+00 5.000000000000123235e-01 8.406469964583607180e-15 1.407728100755178957e-14 1.346665834400795347e-14 1.124968174170959401e-14 1.586816615606334580e-14 1.568190022283033613e-14 5.000000000000132117e-01
1.050000000000000044e+00 5.000000000000056621e-01 2.499999999999988343e-01 -5.200700980978467669e-15 -4.067709710731115536e-15 -2.425143419415576318e-15 -7.251144129583053655e-15 2.499999999999962530e-01 5.000000000000067724e-01
1.100000000000000089e+00 5.000000000000063283e-01 2.499999999999993616e-01 -4.938757736105969798e-15 -3.707104068162436761e-15 -2.040034807748725143e-15 -6.959710585618950063e-15 2.499999999999967248e-01 5.000000000000073275e-01
1.150000000000000133e+00 5.000000000000071054e-01 2.499999999999999167e-01 -4.707172152063066051e-15 -3.341077414731330464e-15 -1.672273430841642039e-15 -6.675215935558753699e-15 2.499999999999971689e-01 5.000000000000078826e-01
1.199999999999999956e+00 5.000000000000076605e-01 2.500000000000003886e-01 -4.479923376710104321e-15 -2.971581314348270553e-15 -1.301042606982605321e-15 -6.383782391594650107e-15 2.499999999999976130e-01 5.000000000000083267e-01
1.250000000000000000e+00 5.000000000000082157e-01 2.500000000000008327e-01 -4.165938427558302237e-15 -2.601217852227222238e-15 -9.089951014118469175e-16 -6.099287741534453744e-15 2.499999999999980571e-01 5.000000000000088818e-01
1.300000000000000044e+00 5.000000000000088818e-01 2.500000000000013323e-01 -3.876239607070175452e-15 -2.240395369224046362e-15 -5.394990010287870064e-16 -5.814793091474257380e-15 2.499999999999985567e-01 5.000000000000094369e-01
1.350000000000000089e+00 5.000000000000093259e-01 2.500000000000018319e-01 -3.671975917773906417e-15 -1.860057247116131407e-15 -1.578598363138894456e-16 -5.544176229221875474e-15 2.499999999999990286e-01 5.000000000000101030e-01
1.400000000000000133e+00 5.000000000000099920e-01 2.500000000000023315e-01 -3.366447745567491268e-15 -1.499993705633695384e-15 2.151057110211240797e-16 -5.245803791353864654e-15 2.499999999999994726e-01 5.000000000000105471e-01
1.449999999999999956e+00 5.000000000000106581e-01 2.500000000000028311e-01 -3.136380044566067227e-15 -1.130172344598889822e-15 5.724587470723463412e-16 -5.002942504717111660e-15 2.500000000000000000e-01 5.000000000000112133e-01
1.500000000000000000e+00 5.000000000000114353e-01 2.500000000000033862e-01 -2.869232629265638934e-15 -7.719519468096791570e-16 9.593020822151743232e-16 -4.746203430272544210e-15 2.500000000000004996e-01 5.000000000000117684e-01
1.550000000000000044e+00 5.000000000000119904e-01 2.500000000000038303e-01 -2.607289384393141063e-15 -4.137315490204684920e-16 1.324895054777286418e-15 -4.461708780212347847e-15 2.500000000000009992e-01 5.000000000000124345e-01
1.600000000000000089e+00 5.000000000000126565e-01 2.500000000000043299e-01 -2.343611416044666385e-15 -3.989863994746656317e-17 1.726049858596923059e-15 -4.218847493575594854e-15 2.500000000000014433e-01 5.000000000000129896e-01
1.650000000000000133e+00 5.000000000000134337e-01 2.500000000000048850e-01 -2.106821661573832216e-15 3.530162273612802437e-16 2.093811235504006163e-15 -3.934352843515398490e-15 2.500000000000018874e-01 5.000000000000135447e-01
1.699999999999999956e+00 5.000000000000137668e-01 2.500000000000051625e-01 -1.896920120980638558e-15 7.387753603316227213e-16 2.445960101127298003e-15 -3.656797087359109355e-15 2.500000000000023315e-01 5.000000000000140998e-01
1.750000000000000000e+00 5.000000000000143219e-01 2.500000000000056066e-01 -1.599415044850616141e-15 1.098405220945064542e-15 2.841477053650010021e-15 -3.344546861683284078e-15 2.500000000000027756e-01 5.000000000000145439e-01
1.800000000000000044e+00 5.000000000000149880e-01 2.500000000000060507e-01 -1.426810058990923835e-15 1.455432996344541152e-15 3.209238430557093125e-15 -3.066991105526994943e-15 2.500000000000032196e-01 5.000000000000149880e-01
1.850000000000000089e+00 5.000000000000154321e-01 2.500000000000064393e-01 -1.092008428127400066e-15 1.833602714107485099e-15 3.575265083988199422e-15 -2.796374243274613036e-15 2.500000000000037192e-01 5.000000000000155431e-01
1.900000000000000133e+00 5.000000000000158762e-01 2.500000000000068834e-01 -9.540979117872439019e-16 2.248201624865941994e-15 3.949965354799189754e-15 -2.491062911502694988e-15 2.500000000000041633e-01 5.000000000000160982e-01
1.949999999999999956e+00 5.000000000000165423e-01 2.500000000000073830e-01 -7.441963711940502435e-16 2.623769257414920730e-15 4.328135072562133701e-15 -2.164934898019055254e-15 2.500000000000046074e-01 5.000000000000166533e-01
2.000000000000000000e+00 5.000000000000172085e-01 2.500000000000078826e-01 -4.553649124439118623e-16 3.002806336915853080e-15 4.721917301608868911e-15 -1.859623566247137205e-15 2.500000000000050515e-01 5.000000000000170974e-01
2.049999999999999822e+00 2.500000000000040523e-01 1.249999999999988481e-01 1.250000000000021372e-01 -2.223915496202266695e-15 -4.135580766728708113e-15 1.250000000000001388e-01 1.250000000000034139e-01 2.500000000000058287e-01
2.099999999999999645e+00 2.500000000000044409e-01 1.249999999999993339e-01 1.250000000000024702e-01 -1.727784582072899866e-15 -3.864963904476326206e-15 1.250000000000005551e-01 1.250000000000040246e-01 2.500000000000064393e-01
2.149999999999999911e+00 2.500000000000049405e-01 1.249999999999996947e-01 1.250000000000028866e-01 -1.264613413987092372e-15 -3.531896997088779244e-15 1.250000000000009714e-01 1.250000000000046074e-01 2.500000000000068279e-01
2.199999999999999734e+00 2.500000000000053291e-01 1.250000000000000833e-01 1.250000000000031919e-01 -8.044780119842442900e-16 -3.268219028740304566e-15 1.250000000000013878e-01 1.250000000000052458e-01 2.500000000000073830e-01
2.250000000000000000e+00 2.500000000000057732e-01 1.250000000000003886e-01 1.250000000000035805e-01 -3.508478230163092348e-16 -2.949029909160572061e-15 1.250000000000017764e-01 1.250000000000057732e-01 2.500000000000078826e-01
2.299999999999999822e+00 2.500000000000062172e-01 1.250000000000007772e-01 1.250000000000039413e-01 1.220811646218677993e-16 -2.661065812148422083e-15 1.250000000000021649e-01 1.250000000000063838e-01 2.500000000000083267e-01
2.349999999999999645e+00 2.500000000000066613e-01 1.250000000000011935e-01 1.250000000000043021e-01 6.023827270329462635e-16 -2.390448949896040176e-15 1.250000000000026090e-01 1.250000000000069389e-01 2.500000000000088263e-01
2.399999999999999911e+00 2.500000000000072164e-01 1.250000000000015821e-01 1.250000000000046629e-01 1.060620775233944713e-15 -2.099015405931936584e-15 1.250000000000029976e-01 1.250000000000074940e-01 2.500000000000093259e-01
2.449999999999999734e+00 2.500000000000077716e-01 1.250000000000020817e-01 1.250000000000049960e-01 1.505197876061625806e-15 -1.798908244587948957e-15 1.250000000000033862e-01 1.250000000000080491e-01 2.500000000000098810e-01
2.500000000000000000e+00 2.500000000000081601e-01 1.250000000000025535e-01 1.250000000000053846e-01 1.939204005707573231e-15 -1.530026105811543857e-15 1.250000000000037748e-01 1.250000000000086320e-01 2.500000000000103251e-01
2.549999999999999822e+00 2.500000000000087708e-01 1.250000000000029976e-01 1.250000000000056899e-01 2.404109897269357532e-15 -1.290634266126744478e-15 1.250000000000042188e-01 1.250000000000092149e-01 2.500000000000108802e-01
2.599999999999999645e+00 2.500000000000093259e-01 1.250000000000034417e-01 1.250000000000059952e-01 2.880291491424991079e-15 -1.006139616066548115e-15 1.250000000000046074e-01 1.250000000000097977e-01 2.500000000000113798e-01
2.649999999999999911e+00 2.500000000000099365e-01 1.250000000000039690e-01 1.250000000000064115e-01 3.324597541709550796e-15 -6.990935608186532590e-16 1.250000000000050515e-01 1.250000000000103806e-01 2.500000000000119349e-01
2.699999999999999734e+00 2.500000000000105471e-01 1.250000000000044409e-01 1.250000000000068001e-01 3.832654679736258174e-15 -3.920475055707584033e-16 1.250000000000054956e-01 1.250000000000109912e-01 2.500000000000124345e-01
2.750000000000000000e+00 2.500000000000112133e-01 1.250000000000049127e-01 1.250000000000072442e-01 4.340820237980214102e-15 -1.205632815803880931e-16 1.250000000000059119e-01 1.250000000000115463e-01 2.500000000000128786e-01
2.799999999999999822e+00 2.500000000000118239e-01 1.250000000000054678e-01 1.250000000000076050e-01 4.810388198883686073e-15 1.682681771697502882e-16 1.250000000000063560e-01 1.250000000000121569e-01 2.500000000000135447e-01
2.849999999999999645e+00 2.500000000000124900e-01 1.250000000000059952e-01 1.250000000000080214e-01 5.316819033651665194e-15 4.033232081646076495e-16 1.250000000000068001e-01 1.250000000000127676e-01 2.500000000000140443e-01
2.899999999999999911e+00 2.500000000000131006e-01 1.250000000000064670e-01 1.250000000000083822e-01 5.832357166668522552e-15 6.743737512859837580e-16 1.250000000000073275e-01 1.250000000000133504e-01 2.500000000000145994e-01
2.949999999999999734e+00 2.500000000000137668e-01 1.250000000000070222e-01 1.250000000000088263e-01 6.355159454241032790e-15 9.486769009248163798e-16 1.250000000000077993e-01 1.250000000000139333e-01 2.500000000000151545e-01
3.000000000000000000e+00 2.500000000000144329e-01 1.250000000000075218e-01 1.250000000000092149e-01 6.868908653673289066e-15 1.226015816646608414e-15 1.250000000000082989e-01 1.250000000000145439e-01 2.500000000000157097e-01
3.049999999999999822e+00 2.500000000000104916e-01 1.239026242716434467e-15 -4.447830992404533390e-15 6.249999999999800160e-02 6.250000000000285882e-02 -3.465977505001660575e-15 -4.536301889679350552e-15 2.500000000000143774e-01
3.099999999999999645e+00 2.500000000000108802e-01 1.723447773382957848e-15 -4.094381084174258945e-15 6.249999999999857753e-02 6.250000000000334455e-02 -2.896988204881267848e-15 -3.993333441698609931e-15 2.500000000000148215e-01
3.149999999999999911e+00 2.500000000000112133e-01 2.213507155346405852e-15 -3.711874557721372980e-15 6.249999999999918815e-02 6.250000000000383027e-02 -2.258609965721802837e-15 -3.412201077246379555e-15 2.500000000000152101e-01
3.199999999999999734e+00 2.500000000000113798e-01 2.677979366039195952e-15 -3.475735324554030115e-15 6.249999999999976408e-02 6.250000000000428824e-02 -1.668803983889688425e-15 -2.864028458837708513e-15 2.500000000000156541e-01
3.250000000000000000e+00 2.500000000000116573e-01 3.169448210826875112e-15 -3.209834741751960152e-15 6.250000000000027756e-02 6.250000000000474620e-02 -1.037364638634130642e-15 -2.275089838743582504e-15 2.500000000000160427e-01
3.299999999999999822e+00 2.500000000000119349e-01 3.715262689510390182e-15 -2.948054127205335107e-15 6.250000000000083267e-02 6.250000000000521805e-02 -4.961309141293668290e-16 -1.703498453409224567e-15 2.500000000000164313e-01
3.349999999999999645e+00 2.500000000000122125e-01 4.263841883733743288e-15 -2.641767013478180104e-15 6.250000000000136002e-02 6.250000000000567602e-02 7.632783294297951215e-17 -1.124534493301965199e-15 2.500000000000168754e-01
3.399999999999999911e+00 2.500000000000124345e-01 4.720182578132892104e-15 -2.416252961601195182e-15 6.250000000000190126e-02 6.250000000000610623e-02 5.828670879282071837e-16 -4.666406150377611084e-16 2.500000000000173195e-01
3.449999999999999734e+00 2.500000000000127121e-01 5.216964013565750236e-15 -2.198978846235100093e-15 6.250000000000237310e-02 6.250000000000656419e-02 1.155325835000553525e-15 1.513546232789764190e-16 2.500000000000177636e-01
3.500000000000000000e+00 2.500000000000129896e-01 5.739983141572757575e-15 -1.953515474384381889e-15 6.250000000000291434e-02 6.250000000000698053e-02 1.665334536937734811e-15 7.615436059538183144e-16 2.500000000000181521e-01
3.549999999999999822e+00 2.500000000000133782e-01 6.207274277914009986e-15 -1.701546889498750659e-15 6.250000000000340006e-02 6.250000000000741074e-02 2.178812685826869711e-15 1.369564184283689201e-15 2.500000000000185407e-01
3.599999999999999645e+00 2.500000000000137113e-01 6.725956597231075307e-15 -1.446325698095662915e-15 6.250000000000391354e-02 6.250000000000786871e-02 2.699229728619911839e-15 2.014013955609073037e-15 2.500000000000189848e-01
3.649999999999999911e+00 2.500000000000142109e-01 7.215094407347910632e-15 -1.201079166679441812e-15 6.250000000000438538e-02 6.250000000000832667e-02 3.212707877509046739e-15 2.621167172200955520e-15 2.500000000000194289e-01
3.699999999999999734e+00 2.500000000000146549e-01 7.745811370779565053e-15 -9.629883696016250383e-16 6.250000000000482947e-02 6.250000000000875688e-02 3.712308238590367182e-15 3.313321839115701550e-15 2.500000000000197620e-01
3.750000000000000000e+00 2.500000000000150435e-01 8.275389921930109693e-15 -6.926154528380523701e-16 6.250000000000532907e-02 6.250000000000924261e-02 4.236194728335362925e-15 3.979455653890795475e-15 2.500000000000202616e-01
3.799999999999999822e+00 2.500000000000153766e-01 8.802176652486504160e-15 -3.740090919260308233e-16 6.250000000000581479e-02 6.250000000000965894e-02 4.697631172945193612e-15 4.640385298237958978e-15 2.500000000000206501e-01
3.849999999999999645e+00 2.500000000000158207e-01 9.353596795214948190e-15 -1.059129997246777144e-16 6.250000000000623113e-02 6.250000000001007527e-02 5.197231534026514055e-15 5.249273238305818268e-15 2.500000000000210942e-01
3.899999999999999911e+00 2.500000000000163203e-01 9.869275535701049762e-15 1.816038638913219927e-16 6.250000000000671685e-02 6.250000000001051936e-02 5.696831895107834498e-15 5.925815393936773035e-15 2.500000000000214828e-01
3.949999999999999734e+00 2.500000000000168754e-01 1.036172016244396588e-14 5.146707712788689548e-16 6.250000000000720257e-02 6.250000000001090794e-02 6.154798892765711571e-15 6.550315845288423588e-15 2.500000000000218159e-01
4.000000000000000000e+00 2.500000000000173195e-01 1.076417600887058512e-14 8.112000654536544175e-16 6.250000000000768829e-02 6.250000000001128264e-02 6.696032617270475384e-15 7.185224637495934985e-15 2.500000000000222045e-01
4.049999999999999822e+00 2.500000000000194844e-01 -4.523291463609524499e-15 -1.017415318660397361e-15 -2.364428097756388070e-15 -5.495603971894524875e-15 -4.902328543110456849e-15 -5.041106421188601416e-15 2.500000000000144329e-01
4.099999999999999645e+00 2.500000000000198730e-01 -4.427447991561805907e-15 -7.945033519973776492e-16 -2.187486303206753746e-15 -5.342948306008565851e-15 -4.505076867111768024e-15 -4.943961906533900219e-15 2.500000000000146549e-01
4.149999999999999467e+00 2.500000000000203726e-01 -4.342446541238942359e-15 -5.785302792382651660e-16 -1.993197273897351351e-15 -5.162537064506977913e-15 -4.118233531968940042e-15 -4.891920202254596006e-15 2.500000000000148770e-01
4.200000000000000178e+00 2.500000000000205391e-01 -4.221449578789560064e-15 -3.321995456495585586e-16 -1.750335987260598358e-15 -4.985595269957343589e-15 -3.703634621210483147e-15 -4.760081218080358667e-15 2.500000000000150435e-01
4.250000000000000000e+00 2.500000000000209832e-01 -4.133412362383737104e-15 -1.079865363795562416e-16 -1.523087211907636629e-15 -4.815592369311616494e-15 -3.297709327831910286e-15 -4.654263086045773434e-15 2.500000000000152101e-01
4.299999999999999822e+00 2.500000000000214828e-01 -4.041038337287972126e-15 1.131907068074866629e-16 -1.287164819174790864e-15 -4.659467256473703856e-15 -2.895253481405291041e-15 -4.567526912246933080e-15 2.500000000000153766e-01
4.349999999999999645e+00 2.500000000000217604e-01 -3.960156855220553496e-15 3.508478230163092348e-16 -1.037364638634130642e-15 -4.517219931443605674e-15 -2.494532358454648602e-15 -4.470382397592231882e-15 2.500000000000155431e-01
4.399999999999999467e+00 2.500000000000220379e-01 -3.866264947083308812e-15 5.833007687972013855e-16 -8.396061623727746337e-16 -4.354155924701785807e-15 -2.090341788552052549e-15 -4.359360095129716228e-15 2.500000000000156541e-01
4.450000000000000178e+00 2.500000000000223155e-01 -3.786250826753878584e-15 8.309325449928905982e-16 -6.487865800153258533e-16 -4.191091917959965940e-15 -1.672273430841642039e-15 -4.248337792667200574e-15 2.500000000000157652e-01
4.500000000000000000e+00 2.500000000000226485e-01 -3.732528609107221840e-15 1.079214842492071114e-15 -4.284766985662713523e-16 -4.031497358170099687e-15 -1.276756478318930021e-15 -4.154662724964452991e-15 2.500000000000160427e-01
4.549999999999999822e+00 2.500000000000227041e-01 -3.665633335064866216e-15 1.312806200554073044e-15 -1.379105163401561640e-16 -3.889250033140001506e-15 -8.656270145124267401e-16 -4.032364719908088091e-15 2.500000000000160982e-01
4.599999999999999645e+00 2.500000000000228706e-01 -3.595214403961932703e-15 1.531598198961647839e-15 9.974659986866640793e-17 -3.738329090730019288e-15 -4.544975507059234587e-16 -3.940858056550311517e-15 2.500000000000162093e-01
4.649999999999999467e+00 2.500000000000232037e-01 -3.527343347964340126e-15 1.741987630532459974e-15 3.677613769070831040e-16 -3.589142871796013878e-15 -5.030698080332740574e-17 -3.821595817576906029e-15 2.500000000000163758e-01
4.700000000000000178e+00 2.500000000000234812e-01 -3.492757298662052534e-15 1.978885805220542693e-15 6.366435156834882036e-16 -3.462508058049706960e-15 3.816391647148975608e-16 -3.710573515114390375e-15 2.500000000000165423e-01
4.750000000000000000e+00 2.500000000000235922e-01 -3.431825136568367185e-15 2.204399857097527615e-15 9.176687187917309529e-16 -3.290770433928003058e-15 7.997075224253080705e-16 -3.614296362197677581e-15 2.500000000000167089e-01
4.799999999999999822e+00 2.500000000000238143e-01 -3.344546861683284078e-15 2.412566674214744467e-15 1.161397367166472350e-15 -3.134645321090090420e-15 1.261143967035138758e-15 -3.490263633665335874e-15 2.500000000000168754e-01
4.849999999999999645e+00 2.500000000000239253e-01 -3.277651587640928454e-15 2.622901895676932327e-15 1.481453848484193259e-15 -3.001071613439876273e-15 1.713906794265085409e-15 -3.382710778154773834e-15 2.500000000000170419e-01
4.899999999999999467e+00 2.500000000000242584e-01 -3.213466819029786592e-15 2.842778096256992626e-15 1.774622115924273658e-15 -2.841477053650010021e-15 2.138914045879403147e-15 -3.259545411360420530e-15 2.500000000000171529e-01
4.950000000000000178e+00 2.500000000000244804e-01 -3.100059271787802828e-15 3.029694550793493590e-15 2.036565360796771529e-15 -2.720046410331633524e-15 2.602085213965210642e-15 -3.157196726277788912e-15 2.500000000000173195e-01
5.000000000000000000e+00 2.500000000000248135e-01 -3.008552608430026254e-15 3.233524559220768424e-15 2.334070436926793946e-15 -2.525757381022231129e-15 3.061786935099064522e-15 -3.025357742103551573e-15 2.500000000000174860e-01
5.000000000000000000e+00 2.500000000000208722e-01 3.125000000001029038e-02 -3.181482854941464211e-15 7.979727989493312634e-16 1.447626740702645520e-15 -3.467712228477637382e-15 3.125000000000817402e-02 2.500000000000189848e-01
