0.000000000000000000e+00 -7.071067811865472397e-01 -7.071067811865470176e-01 -7.071067811865472397e-01 -7.071067811865471286e-01 -7.071067811865471286e-01 -7.071067811865471286e-01
5.000000000000000278e-02 -7.065616274843133926e-01 -7.204420684599991409e-01 -7.204420684599993630e-01 -7.204420684599994740e-01 -7.204420684599993630e-01 -7.065616274843136146e-01
1.000000000000000056e-01 -7.049270069651070170e-01 -7.326664862825688074e-01 -7.326664862825690294e-01 -7.326664862825691404e-01 -7.326664862825690294e-01 -7.049270069651074611e-01
1.500000000000000222e-01 -7.022054400952892905e-01 -7.437611854880169515e-01 -7.437611854880171736e-01 -7.437611854880175066e-01 -7.437611854880172846e-01 -7.022054400952897346e-01
2.000000000000000111e-01 -6.984011233337100721e-01 -7.537090588543284841e-01 -7.537090588543287062e-01 -7.537090588543292613e-01 -7.537090588543290393e-01 -6.984011233337107383e-01
2.500000000000000000e-01 -6.935199226610734291e-01 -7.624947674818092214e-01 -7.624947674818093324e-01 -7.624947674818098875e-01 -7.624947674818096655e-01 -6.935199226610742063e-01
2.999999999999999889e-01 -6.875693645350198224e-01 -7.701047644445560003e-01 -7.701047644445561113e-01 -7.701047644445567775e-01 -7.701047644445565554e-01 -6.875693645350211547e-01
3.499999999999999778e-01 -6.805586242848750134e-01 -7.765273156788358166e-01 -7.765273156788360387e-01 -7.765273156788367048e-01 -7.765273156788365938e-01 -6.805586242848764567e-01
3.999999999999999667e-01 -6.724985119639558251e-01 -7.817525180761617509e-01 -7.817525180761619730e-01 -7.817525180761626391e-01 -7.817525180761625281e-01 -6.724985119639578235e-01
4.500000000000000111e-01 -6.634014556812528607e-01 -7.857723147531672225e-01 -7.857723147531673336e-01 -7.857723147531681107e-01 -7.857723147531678887e-01 -6.634014556812551922e-01
5.000000000000000000e-01 -6.532814824381860674e-01 -7.885805074747365140e-01 -7.885805074747367360e-01 -7.885805074747375132e-01 -7.885805074747375132e-01 -6.532814824381889540e-01
5.500000000000000444e-01 -6.421541964999859520e-01 -7.901727662112352224e-01 -7.901727662112354444e-01 -7.901727662112363326e-01 -7.901727662112363326e-01 -6.421541964999891716e-01
6.000000000000000888e-01 -6.300367553350472161e-01 -7.905466358151008732e-01 -7.905466358151009842e-01 -7.905466358151018724e-01 -7.905466358151018724e-01 -6.300367553350509908e-01
6.500000000000000222e-01 -6.169478431593569123e-01 -7.897015398065027059e-01 -7.897015398065028169e-01 -7.897015398065037051e-01 -7.897015398065040381e-01 -6.169478431593613532e-01
7.000000000000000666e-01 -6.029076421267864916e-01 -7.876387812622320794e-01 -7.876387812622321904e-01 -7.876387812622329676e-01 -7.876387812622334117e-01 -6.029076421267913766e-01
7.500000000000000000e-01 -5.879378012096743156e-01 -7.843615408064530392e-01 -7.843615408064531502e-01 -7.843615408064538164e-01 -7.843615408064543715e-01 -5.879378012096796446e-01
8.000000000000000444e-01 -5.720614028176786992e-01 -7.798748717064090119e-01 -7.798748717064091229e-01 -7.798748717064095670e-01 -7.798748717064103442e-01 -5.720614028176844723e-01
8.500000000000000888e-01 -5.553029272063756405e-01 -7.741856920806517994e-01 -7.741856920806519105e-01 -7.741856920806522435e-01 -7.741856920806533537e-01 -5.553029272063819688e-01
9.000000000000000222e-01 -5.376882147304796744e-01 -7.673027742318049294e-01 -7.673027742318049294e-01 -7.673027742318049294e-01 -7.673027742318061506e-01 -5.376882147304864468e-01
9.500000000000000666e-01 -5.192444259998885148e-01 -7.592367311203069846e-01 -7.592367311203068736e-01 -7.592367311203066516e-01 -7.592367311203082059e-01 -5.192444259998958422e-01
1.000000000000000000e+00 -4.999999999999921729e-01 -7.499999999999975575e-01 -7.499999999999974465e-01 -7.499999999999970024e-01 -7.499999999999988898e-01 -5.000000000000002220e-01
1.050000000000000044e+00 -5.192444259998878486e-01 -7.494217771805394834e-01 -7.567829926353648595e-01 -7.567829926353648595e-01 -7.494217771805411488e-01 -5.192444259998959533e-01
1.100000000000000089e+00 -5.376882147304784532e-01 -7.476880002998429475e-01 -7.623990807488143506e-01 -7.623990807488143506e-01 -7.476880002998450570e-01 -5.376882147304868909e-01
1.150000000000000133e+00 -5.553029272063738642e-01 -7.448013427161913613e-01 -7.668396047395364956e-01 -7.668396047395369397e-01 -7.448013427161936928e-01 -5.553029272063820798e-01
1.199999999999999956e+00 -5.720614028176761456e-01 -7.407662554463495530e-01 -7.700977176413936753e-01 -7.700977176413943415e-01 -7.407662554463523286e-01 -5.720614028176844723e-01
1.250000000000000000e+00 -5.879378012096709849e-01 -7.355889603024188261e-01 -7.721683956804439308e-01 -7.721683956804448190e-01 -7.355889603024218237e-01 -5.879378012096793116e-01
1.300000000000000044e+00 -6.029076421267826058e-01 -7.292774402982529214e-01 -7.730484460212364572e-01 -7.730484460212379005e-01 -7.292774402982564741e-01 -6.029076421267908215e-01
1.350000000000000089e+00 -6.169478431593521384e-01 -7.218414273402304904e-01 -7.727365116899334030e-01 -7.727365116899350683e-01 -7.218414273402342651e-01 -6.169478431593602430e-01
1.400000000000000133e+00 -6.300367553350416649e-01 -7.132923872213599026e-01 -7.712330736666642705e-01 -7.712330736666661579e-01 -7.132923872213640104e-01 -6.300367553350498806e-01
1.449999999999999956e+00 -6.421541964999797347e-01 -7.036435019418576520e-01 -7.685404501438893865e-01 -7.685404501438916069e-01 -7.036435019418618708e-01 -6.421541964999878394e-01
1.500000000000000000e+00 -6.532814824381792951e-01 -6.929096493834593362e-01 -7.646627929519158595e-01 -7.646627929519183020e-01 -6.929096493834639992e-01 -6.532814824381876218e-01
1.550000000000000044e+00 -6.634014556812454222e-01 -6.811073803688048045e-01 -7.596060811570748417e-01 -7.596060811570777282e-01 -6.811073803688096895e-01 -6.634014556812536378e-01
1.600000000000000089e+00 -6.724985119639477205e-01 -6.682548931412692905e-01 -7.533781118424367484e-01 -7.533781118424399681e-01 -6.682548931412743975e-01 -6.724985119639559361e-01
1.650000000000000133e+00 -6.805586242848662426e-01 -6.543720053045908314e-01 -7.459884880852725164e-01 -7.459884880852759581e-01 -6.543720053045961604e-01 -6.805586242848744583e-01
1.699999999999999956e+00 -6.875693645350109406e-01 -6.394801232655620282e-01 -7.374486041498052868e-01 -7.374486041498089506e-01 -6.394801232655675793e-01 -6.875693645350189342e-01
1.750000000000000000e+00 -6.935199226610639922e-01 -6.236022092269015715e-01 -7.277716279180799219e-01 -7.277716279180839187e-01 -6.236022092269073447e-01 -6.935199226610719858e-01
1.800000000000000044e+00 -6.984011233337005242e-01 -6.067627457812030389e-01 -7.169724805860449024e-01 -7.169724805860491212e-01 -6.067627457812088121e-01 -6.984011233337081848e-01
1.850000000000000089e+00 -7.022054400952796316e-01 -5.889876981605508544e-01 -7.050678136561479015e-01 -7.050678136561524534e-01 -5.889876981605567385e-01 -7.022054400952874031e-01
1.900000000000000133e+00 -7.049270069650974690e-01 -5.703044742000149547e-01 -6.920759832619278740e-01 -6.920759832619325369e-01 -5.703044742000210610e-01 -7.049270069651050186e-01
1.949999999999999956e+00 -7.065616274843038447e-01 -5.507418820767558953e-01 -6.780170218641858870e-01 -6.780170218641908830e-01 -5.507418820767620016e-01 -7.065616274843111722e-01
2.000000000000000000e+00 -7.071067811865376918e-01 -5.303300858899023806e-01 -6.629126073623835547e-01 -6.629126073623885507e-01 -5.303300858899083758e-01 -7.071067811865450192e-01
2.049999999999999822e+00 -7.204420684599898150e-01 -5.420666064669519280e-01 -6.645703446689897875e-01 -6.645703446689950056e-01 -5.420666064669579232e-01 -7.204420684599970315e-01
2.099999999999999645e+00 -7.326664862825590374e-01 -5.529672996266008500e-01 -6.652033626731359561e-01 -6.652033626731411742e-01 -5.529672996266068452e-01 -7.326664862825664759e-01
2.149999999999999911e+00 -7.437611854880072926e-01 -5.630153572900949976e-01 -6.648106853069416511e-01 -6.648106853069468691e-01 -5.630153572901009928e-01 -7.437611854880146200e-01
2.199999999999999734e+00 -7.537090588543184921e-01 -5.721952860808147134e-01 -6.633929180504434253e-01 -6.633929180504487544e-01 -5.721952860808208197e-01 -7.537090588543260417e-01
2.250000000000000000e+00 -7.624947674817990073e-01 -5.804929312139395226e-01 -6.609522469979894899e-01 -6.609522469979948189e-01 -5.804929312139456288e-01 -7.624947674818062238e-01
2.299999999999999822e+00 -7.701047644445456752e-01 -5.878954983220994190e-01 -6.574924354874391863e-01 -6.574924354874444044e-01 -5.878954983221055253e-01 -7.701047644445528917e-01
2.349999999999999645e+00 -7.765273156788256026e-01 -5.943915731833624427e-01 -6.530188182973694078e-01 -6.530188182973748479e-01 -5.943915731833685490e-01 -7.765273156788328190e-01
2.399999999999999911e+00 -7.817525180761514259e-01 -5.999711393211369925e-01 -6.475382934212332575e-01 -6.475382934212385866e-01 -5.999711393211432098e-01 -7.817525180761584203e-01
2.449999999999999734e+00 -7.857723147531564534e-01 -6.046255934488540262e-01 -6.410593114311531338e-01 -6.410593114311585738e-01 -6.046255934488603545e-01 -7.857723147531633368e-01
2.500000000000000000e+00 -7.885805074747258558e-01 -6.083477587356103111e-01 -6.335918624477521188e-01 -6.335918624477575589e-01 -6.083477587356167504e-01 -7.885805074747324062e-01
2.549999999999999822e+00 -7.901727662112244532e-01 -6.111318958723214179e-01 -6.251474607361109381e-01 -6.251474607361163782e-01 -6.111318958723280792e-01 -7.901727662112308925e-01
2.599999999999999645e+00 -7.905466358150901041e-01 -6.129737119213206631e-01 -6.157391269516064858e-01 -6.157391269516119259e-01 -6.129737119213276575e-01 -7.905466358150960993e-01
2.649999999999999911e+00 -7.897015398064920477e-01 -6.138703669357581383e-01 -6.053813680630046878e-01 -6.053813680630102390e-01 -6.138703669357654658e-01 -7.897015398064978209e-01
2.699999999999999734e+00 -7.876387812622219764e-01 -6.138204783385926566e-01 -5.940901549837668272e-01 -5.940901549837722673e-01 -6.138204783385999841e-01 -7.876387812622271944e-01
2.750000000000000000e+00 -7.843615408064431582e-01 -6.128241230544249074e-01 -5.818828979460574091e-01 -5.818828979460628492e-01 -6.128241230544323459e-01 -7.843615408064480432e-01
2.799999999999999822e+00 -7.798748717063994640e-01 -6.108828373908856690e-01 -5.687784196554288574e-01 -5.687784196554344085e-01 -6.108828373908931075e-01 -7.798748717064036828e-01
2.849999999999999645e+00 -7.741856920806429176e-01 -6.079996146697609349e-01 -5.547969262675739310e-01 -5.547969262675794822e-01 -6.079996146697688175e-01 -7.741856920806466924e-01
2.899999999999999911e+00 -7.673027742317964917e-01 -6.041789006115066973e-01 -5.399599762318979534e-01 -5.399599762319036156e-01 -6.041789006115149130e-01 -7.673027742317997113e-01
2.949999999999999734e+00 -7.592367311202987690e-01 -5.994265864802696964e-01 -5.242904470499518688e-01 -5.242904470499574199e-01 -5.994265864802780230e-01 -7.592367311203013225e-01
3.000000000000000000e+00 -7.499999999999897859e-01 -5.937499999999860112e-01 -5.078124999999847899e-01 -5.078124999999903411e-01 -5.937499999999944489e-01 -7.499999999999917843e-01
3.049999999999999822e+00 -7.592367311202992131e-01 -6.043340634501531694e-01 -5.155490036973462420e-01 -5.155490036973515711e-01 -6.043340634501611630e-01 -7.592367311203012115e-01
3.099999999999999645e+00 -7.673027742317971578e-01 -6.139862875774868556e-01 -5.224905681987437323e-01 -5.224905681987485062e-01 -6.139862875774944051e-01 -7.673027742317990452e-01
3.149999999999999911e+00 -7.741856920806439168e-01 -6.226917893519897662e-01 -5.286264901148503004e-01 -5.286264901148547413e-01 -6.226917893519969827e-01 -7.741856920806456932e-01
3.199999999999999734e+00 -7.798748717064007963e-01 -6.304371455209133446e-01 -5.339473082988122066e-01 -5.339473082988165364e-01 -6.304371455209200059e-01 -7.798748717064026836e-01
3.250000000000000000e+00 -7.843615408064447125e-01 -6.372104133064391274e-01 -5.384448184346501964e-01 -5.384448184346541932e-01 -6.372104133064453446e-01 -7.843615408064462668e-01
3.299999999999999822e+00 -7.876387812622233087e-01 -6.430011488205785719e-01 -5.421120856877208460e-01 -5.421120856877245098e-01 -6.430011488205843451e-01 -7.876387812622246409e-01
3.349999999999999645e+00 -7.897015398064931579e-01 -6.478004231688896386e-01 -5.449434553977288154e-01 -5.449434553977322571e-01 -6.478004231688949677e-01 -7.897015398064946012e-01
3.399999999999999911e+00 -7.905466358150911033e-01 -6.516008362181854308e-01 -5.469345617978029761e-01 -5.469345617978063068e-01 -6.516008362181904268e-01 -7.905466358150923245e-01
3.449999999999999734e+00 -7.901727662112252304e-01 -6.543965280070035417e-01 -5.480823347461928341e-01 -5.480823347461958317e-01 -6.543965280070082047e-01 -7.901727662112261186e-01
3.500000000000000000e+00 -7.885805074747261889e-01 -6.561831877812415170e-01 -5.483850044602039953e-01 -5.483850044602069929e-01 -6.561831877812458469e-01 -7.885805074747269661e-01
3.549999999999999822e+00 -7.857723147531570085e-01 -6.569580606410269086e-01 -5.478421042450757339e-01 -5.478421042450785095e-01 -6.569580606410310164e-01 -7.857723147531574526e-01
3.599999999999999645e+00 -7.817525180761513148e-01 -6.567199517885740079e-01 -5.464544712135893656e-01 -5.464544712135919191e-01 -6.567199517885776716e-01 -7.817525180761518699e-01
3.649999999999999911e+00 -7.765273156788251585e-01 -6.554692283704746103e-01 -5.442242449953016425e-01 -5.442242449953041961e-01 -6.554692283704779410e-01 -7.765273156788256026e-01
3.699999999999999734e+00 -7.701047644445448981e-01 -6.532078189115853029e-01 -5.411548644373912476e-01 -5.411548644373938011e-01 -6.532078189115885225e-01 -7.701047644445451201e-01
3.750000000000000000e+00 -7.624947674817977861e-01 -6.499392103413815791e-01 -5.372510623022056508e-01 -5.372510623022077603e-01 -6.499392103413842436e-01 -7.624947674817978971e-01
3.799999999999999822e+00 -7.537090588543170488e-01 -6.456684426173652236e-01 -5.325188579696837898e-01 -5.325188579696857882e-01 -6.456684426173676661e-01 -7.537090588543172709e-01
3.849999999999999645e+00 -7.437611854880055162e-01 -6.404021009538151121e-01 -5.269655481559095689e-01 -5.269655481559114563e-01 -6.404021009538173326e-01 -7.437611854880057383e-01
3.899999999999999911e+00 -7.326664862825574831e-01 -6.341483056678643981e-01 -5.205996956621036231e-01 -5.205996956621053995e-01 -6.341483056678663965e-01 -7.326664862825575941e-01
3.949999999999999734e+00 -7.204420684599881497e-01 -6.269166996585602281e-01 -5.134311161714054661e-01 -5.134311161714071314e-01 -6.269166996585620044e-01 -7.204420684599882607e-01
4.000000000000000000e+00 -7.071067811865362485e-01 -6.187184335382113209e-01 -5.054708631138007391e-01 -5.054708631138024044e-01 -6.187184335382127642e-01 -7.071067811865365815e-01
4.049999999999999822e+00 -7.204420684599879277e-01 -6.264829358780693580e-01 -5.147595177491559593e-01 -5.147595177491578466e-01 -6.264829358780710233e-01 -7.204420684599885938e-01
4.099999999999999645e+00 -7.326664862825569280e-01 -6.332814469391923051e-01 -5.232544505186560446e-01 -5.232544505186580430e-01 -6.332814469391940815e-01 -7.326664862825579272e-01
4.149999999999999467e+00 -7.437611854880042950e-01 -6.391034839102900378e-01 -5.309425628516952766e-01 -5.309425628516972751e-01 -6.391034839102917031e-01 -7.437611854880059603e-01
4.200000000000000178e+00 -7.537090588543153835e-01 -6.439400696323426265e-01 -5.378120002363020458e-01 -5.378120002363041552e-01 -6.439400696323445139e-01 -7.537090588543173819e-01
4.250000000000000000e+00 -7.624947674817951215e-01 -6.477837464407290025e-01 -5.438521704979354388e-01 -5.438521704979376592e-01 -6.477837464407310009e-01 -7.624947674817976750e-01
4.299999999999999822e+00 -7.701047644445415674e-01 -6.506285876644068988e-01 -5.490537601318529193e-01 -5.490537601318554728e-01 -6.506285876644088972e-01 -7.701047644445444540e-01
4.349999999999999645e+00 -7.765273156788210507e-01 -6.524702067644068126e-01 -5.534087486638574749e-01 -5.534087486638601394e-01 -6.524702067644090331e-01 -7.765273156788247144e-01
4.399999999999999467e+00 -7.817525180761465409e-01 -6.533057640975600266e-01 -5.569104210172884928e-01 -5.569104210172912683e-01 -6.533057640975621361e-01 -7.817525180761504267e-01
4.450000000000000178e+00 -7.857723147531514574e-01 -6.531339712950210430e-01 -5.595533778671835101e-01 -5.595533778671862857e-01 -6.531339712950233745e-01 -7.857723147531556762e-01
4.500000000000000000e+00 -7.885805074747203047e-01 -6.519550932488398232e-01 -5.613335439656450543e-01 -5.613335439656479409e-01 -6.519550932488420436e-01 -7.885805074747250787e-01
4.549999999999999822e+00 -7.901727662112190131e-01 -6.497709477035167325e-01 -5.622481744255787284e-01 -5.622481744255816150e-01 -6.497709477035191750e-01 -7.901727662112241202e-01
4.599999999999999645e+00 -7.905466358150841089e-01 -6.465849024531725719e-01 -5.622958589531086293e-01 -5.622958589531115159e-01 -6.465849024531750144e-01 -7.905466358150896600e-01
4.649999999999999467e+00 -7.897015398064856084e-01 -6.424018701486543526e-01 -5.614765240221496478e-01 -5.614765240221525344e-01 -6.424018701486566840e-01 -7.897015398064916036e-01
4.700000000000000178e+00 -7.876387812622152040e-01 -6.372283007225831852e-01 -5.597914329877790029e-01 -5.597914329877818895e-01 -6.372283007225854057e-01 -7.876387812622213103e-01
4.750000000000000000e+00 -7.843615408064361638e-01 -6.310721714440264973e-01 -5.572431841382338158e-01 -5.572431841382365914e-01 -6.310721714440288288e-01 -7.843615408064426031e-01
4.799999999999999822e+00 -7.798748717063919145e-01 -6.239429746181266445e-01 -5.538357066885388758e-01 -5.538357066885415403e-01 -6.239429746181288650e-01 -7.798748717063987979e-01
4.849999999999999645e+00 -7.741856920806352571e-01 -6.158517029496547446e-01 -5.495742547219433227e-01 -5.495742547219459873e-01 -6.158517029496567430e-01 -7.741856920806422515e-01
4.899999999999999467e+00 -7.673027742317881650e-01 -6.068108325930561264e-01 -5.444653990885028882e-01 -5.444653990885055528e-01 -6.068108325930580138e-01 -7.673027742317956035e-01
4.950000000000000178e+00 -7.592367311202904423e-01 -5.968343039151254859e-01 -5.385170172733075855e-01 -5.385170172733099170e-01 -5.968343039151274843e-01 -7.592367311202981028e-01
5.000000000000000000e+00 -7.499999999999811262e-01 -5.859374999999712452e-01 -5.317382812499689138e-01 -5.317382812499711342e-01 -5.859374999999730216e-01 -7.499999999999891198e-01
5.000000000000000000e+00 -7.499999999999811262e-01 -5.859374999999713562e-01 -5.317382812499689138e-01 -5.317382812499711342e-01 -5.859374999999731326e-01 -7.499999999999891198e-01
